0	1	ah	18.4754639
0	1	ao	15.2375937
0	1	ax	16.2939911
0	1	ay	10.5471992
0	1	eh	20.7790222
0	1	ey	15.9671297
0	1	f	9.55534458
0	1	ih	14.4044409
0	1	iy	14.9907045
0	1	k	12.4315262
0	1	n	7.96935701
0	1	ow	11.2001238
0	1	r	14.1086369
0	1	s	10.0150805
0	1	SIL	0.000927000016
0	1	t	8.50859737
0	1	th	9.31524658
0	1	uw	11.3094254
0	1	v	9.08499146
0	1	w	21.206913
0	1	z	13.6454802
1	2	ah	18.5642834
1	2	ao	15.7828178
1	2	ax	16.4212399
1	2	ay	10.1652174
1	2	eh	20.9402637
1	2	ey	16.2948647
1	2	f	9.83199215
1	2	ih	14.8545599
1	2	iy	14.6563721
1	2	k	12.6500521
1	2	n	8.11892033
1	2	ow	10.9409781
1	2	r	13.4090042
1	2	s	9.74084854
1	2	SIL	0.000982000027
1	2	t	8.23982334
1	2	th	9.28127575
1	2	uw	11.2596674
1	2	v	8.89134121
1	2	w	21.2079582
1	2	z	13.1226044
2	3	ah	17.7414207
2	3	ao	15.9405708
2	3	ax	15.7300053
2	3	ay	9.34186363
2	3	eh	19.7884693
2	3	ey	16.3168602
2	3	f	9.03282261
2	3	ih	14.3016434
2	3	iy	14.1589594
2	3	k	11.6974068
2	3	n	7.300282
2	3	ow	10.657196
2	3	r	12.1638107
2	3	s	9.24762535
2	3	SIL	0.00220900006
2	3	t	7.632195
2	3	th	8.30593014
2	3	uw	10.8375111
2	3	v	7.7437849
2	3	w	20.345768
2	3	z	12.4586773
3	4	ah	18.579504
3	4	ao	16.2309761
3	4	ax	16.9882793
3	4	ay	9.89517593
3	4	eh	19.9785633
3	4	ey	16.3940926
3	4	f	8.67845917
3	4	ih	14.6077271
3	4	iy	13.7894011
3	4	k	11.7489491
3	4	n	7.98932886
3	4	ow	11.6919641
3	4	r	12.3235865
3	4	s	9.86599064
3	4	SIL	0.00211
3	4	t	7.262012
3	4	th	7.93492508
3	4	uw	11.4961481
3	4	v	7.82188797
3	4	w	20.704586
3	4	z	12.9587355
4	5	ah	19.3369045
4	5	ao	16.5063686
4	5	ax	17.3911743
4	5	ay	10.6872797
4	5	eh	19.8910885
4	5	ey	15.8120108
4	5	f	8.72024155
4	5	ih	14.6373615
4	5	iy	13.7582064
4	5	k	11.8368216
4	5	n	8.42897987
4	5	ow	11.7689724
4	5	r	12.9080143
4	5	s	10.1778364
4	5	SIL	0.00195099995
4	5	t	7.17561579
4	5	th	8.37394428
4	5	uw	12.064476
4	5	v	7.634305
4	5	w	21.7700329
4	5	z	13.2002001
5	6	ah	18.492054
5	6	ao	16.5285873
5	6	ax	16.0896339
5	6	ay	11.4017773
5	6	eh	19.1734791
5	6	ey	15.7252293
5	6	f	8.61729717
5	6	ih	14.0858936
5	6	iy	13.9931574
5	6	k	10.8068724
5	6	n	7.70349884
5	6	ow	12.3249559
5	6	r	13.2992382
5	6	s	10.0653763
5	6	SIL	0.00367400004
5	6	t	6.40957689
5	6	th	7.78745508
5	6	uw	12.0318861
5	6	v	7.02958393
5	6	w	21.2936726
5	6	z	13.4592514
6	7	ah	18.6483994
6	7	ao	16.1541233
6	7	ax	15.886939
6	7	ay	11.3785906
6	7	eh	19.6306553
6	7	ey	15.585494
6	7	f	8.52587509
6	7	ih	13.9430237
6	7	iy	13.5195198
6	7	k	10.2991056
6	7	n	7.63566113
6	7	ow	12.2260342
6	7	r	12.8146458
6	7	s	9.94740009
6	7	SIL	0.00465400005
6	7	t	6.03419018
6	7	th	7.88233614
6	7	uw	12.0264616
6	7	v	6.832479
6	7	w	21.8237057
6	7	z	13.5008392
7	8	ah	18.4107742
7	8	ao	15.8760281
7	8	ax	15.9415846
7	8	ay	10.9565926
7	8	eh	20.295702
7	8	ey	15.1678619
7	8	f	8.84782982
7	8	ih	14.4242916
7	8	iy	13.3673306
7	8	k	10.9029474
7	8	n	7.37608385
7	8	ow	12.62605
7	8	r	12.7251577
7	8	s	10.1567593
7	8	SIL	0.00386000006
7	8	t	6.21562815
7	8	th	7.96317291
7	8	uw	12.271471
7	8	v	7.34322023
7	8	w	21.7377625
7	8	z	13.6566839
8	9	ah	18.7462349
8	9	ao	15.3177738
8	9	ax	17.1667404
8	9	ay	11.0022478
8	9	eh	21.0125465
8	9	ey	15.9483891
8	9	f	8.22016621
8	9	ih	15.0625372
8	9	iy	14.174839
8	9	k	11.6226568
8	9	n	7.48859787
8	9	ow	13.6995554
8	9	r	13.1052876
8	9	s	9.95945168
8	9	SIL	0.00194700004
8	9	t	7.57482815
8	9	th	7.90496016
8	9	uw	12.9538126
8	9	v	8.78248501
8	9	w	21.1924858
8	9	z	13.5726213
9	10	ah	18.7830906
9	10	ao	14.0903282
9	10	ax	17.1502934
9	10	ay	11.1858854
9	10	eh	18.9110966
9	10	ey	16.788372
9	10	f	6.49573421
9	10	ih	13.3716211
9	10	iy	16.0953541
9	10	k	9.20043755
9	10	n	8.2644062
9	10	ow	13.8379374
9	10	r	13.1920538
9	10	s	8.24724865
9	10	SIL	0.00366299995
9	10	t	7.57234383
9	10	th	7.21423101
9	10	uw	13.08002
9	10	v	8.28731346
9	10	w	18.5074711
9	10	z	12.9950104
10	11	ah	19.6067142
10	11	ao	15.365036
10	11	ax	17.1378155
10	11	ay	12.7248173
10	11	eh	17.5326996
10	11	ey	16.5411758
10	11	f	7.08760023
10	11	ih	12.6291056
10	11	iy	16.9093513
10	11	k	8.41511059
10	11	n	8.91481113
10	11	ow	12.1340256
10	11	r	14.2513561
10	11	s	8.39856529
10	11	SIL	0.00876399968
10	11	t	5.19583988
10	11	th	6.52272892
10	11	uw	12.3562183
10	11	v	8.17839622
10	11	w	17.5078793
10	11	z	12.7353163
11	12	ah	21.1356373
11	12	ao	16.6934338
11	12	ax	18.2276859
11	12	ay	14.5536566
11	12	eh	17.2027969
11	12	ey	16.2497196
11	12	f	7.64361286
11	12	ih	13.7522402
11	12	iy	16.2587032
11	12	k	10.3943596
11	12	n	10.4624853
11	12	ow	12.5962143
11	12	r	14.2767029
11	12	s	9.30323887
11	12	SIL	0.00770800002
11	12	t	5.33111811
11	12	th	6.24091101
11	12	uw	13.3998337
11	12	v	8.30172729
11	12	w	18.7385082
11	12	z	11.8836689
12	13	ah	20.4828911
12	13	ao	17.1921062
12	13	ax	17.6516514
12	13	ay	15.5383673
12	13	eh	16.8615761
12	13	ey	14.1400852
12	13	f	7.82512999
12	13	ih	13.6209927
12	13	iy	15.0144892
12	13	k	10.4120274
12	13	n	10.847436
12	13	ow	12.0951223
12	13	r	13.2383204
12	13	s	10.7028065
12	13	SIL	0.0231509991
12	13	t	3.92816305
12	13	th	5.96711588
12	13	uw	11.8316536
12	13	v	8.81443501
12	13	w	18.9532452
12	13	z	12.0405846
13	14	ah	19.2471752
13	14	ao	15.9028749
13	14	ax	16.0808887
13	14	ay	13.4853086
13	14	eh	14.4382734
13	14	ey	13.6912928
13	14	f	7.57051706
13	14	ih	11.0263901
13	14	iy	13.9653101
13	14	k	8.55554199
13	14	n	9.90859413
13	14	ow	11.428339
13	14	r	12.1011438
13	14	s	9.65320778
13	14	SIL	0.0152770001
13	14	t	4.855968
13	14	th	5.14944792
13	14	uw	11.7688284
13	14	v	7.26809692
13	14	w	19.3671379
13	14	z	11.3121414
14	15	ah	18.6844177
14	15	ao	15.6065845
14	15	ax	16.2175522
14	15	ay	12.7837
14	15	eh	14.3241835
14	15	ey	15.3480949
14	15	f	7.30934191
14	15	ih	11.4035692
14	15	iy	13.803793
14	15	k	7.94509983
14	15	n	10.3662271
14	15	ow	11.2182245
14	15	r	11.5312328
14	15	s	8.91296196
14	15	SIL	0.0424260013
14	15	t	5.68712902
14	15	th	3.3329401
14	15	uw	11.6306219
14	15	v	6.72063494
14	15	w	19.5452881
14	15	z	10.924098
15	16	ah	19.0778046
15	16	ao	16.6930542
15	16	ax	17.0957642
15	16	ay	13.2811651
15	16	eh	15.2736092
15	16	ey	16.6261139
15	16	f	7.83406878
15	16	ih	12.3440208
15	16	iy	13.9923019
15	16	k	7.05934286
15	16	n	11.3322763
15	16	ow	10.9402781
15	16	r	11.5822268
15	16	s	7.92905712
15	16	SIL	0.0886150002
15	16	t	4.87819004
15	16	th	2.59665298
15	16	uw	11.4592962
15	16	v	6.93063784
15	16	w	18.5310688
15	16	z	10.8722258
16	17	ah	19.3599548
16	17	ao	16.3930359
16	17	ax	17.1061459
16	17	ay	14.2141314
16	17	eh	17.6100273
16	17	ey	17.5340023
16	17	f	8.36324883
16	17	ih	13.7406292
16	17	iy	13.7828474
16	17	k	6.49842691
16	17	n	11.315218
16	17	ow	12.1036301
16	17	r	11.8984766
16	17	s	8.00847054
16	17	SIL	0.30844301
16	17	t	3.27061701
16	17	th	1.49332201
16	17	uw	11.6801319
16	17	v	7.3345542
16	17	w	17.7845306
16	17	z	10.0961761
17	18	ah	18.3915462
17	18	ao	14.7323198
17	18	ax	17.1212158
17	18	ay	14.9572601
17	18	eh	17.6399078
17	18	ey	14.6890717
17	18	f	8.90807533
17	18	ih	14.6822691
17	18	iy	14.0771694
17	18	k	8.83692265
17	18	n	9.1024828
17	18	ow	13.3503971
17	18	r	13.0897284
17	18	s	11.0362892
17	18	SIL	0.242047995
17	18	t	4.08474779
17	18	th	1.62223005
17	18	uw	13.1097469
17	18	v	8.80155563
17	18	w	15.7987099
17	18	z	8.95060825
18	19	ah	19.612196
18	19	ao	13.9893713
18	19	ax	17.2380409
18	19	ay	15.9256105
18	19	eh	18.1600571
18	19	ey	14.1169739
18	19	f	8.47173119
18	19	ih	14.4502544
18	19	iy	13.2244806
18	19	k	11.6782894
18	19	n	8.12003231
18	19	ow	14.8556929
18	19	r	13.8279314
18	19	s	14.1629667
18	19	SIL	0.166770995
18	19	t	6.64475679
18	19	th	1.88929904
18	19	uw	14.6591883
18	19	v	9.78028774
18	19	w	15.3183479
18	19	z	7.50668001
19	20	ah	18.6597652
19	20	ao	13.6303091
19	20	ax	16.6014042
19	20	ay	16.4731503
19	20	eh	16.5826759
19	20	ey	14.6582899
19	20	f	10.1691465
19	20	ih	14.0929155
19	20	iy	12.302165
19	20	k	11.8030605
19	20	n	7.6796031
19	20	ow	15.2442818
19	20	r	13.1020555
19	20	s	14.2695446
19	20	SIL	0.194516003
19	20	t	6.699965
19	20	th	1.74712002
19	20	uw	14.7485085
19	20	v	10.6023712
19	20	w	14.3281231
19	20	z	7.24040604
20	21	ah	17.5599174
20	21	ao	11.9122057
20	21	ax	17.2468433
20	21	ay	16.9373569
20	21	eh	13.0677605
20	21	ey	15.3600044
20	21	f	10.4558229
20	21	ih	14.1140985
20	21	iy	12.8979778
20	21	k	11.4950447
20	21	n	10.8990507
20	21	ow	16.3449364
20	21	r	12.8581114
20	21	s	13.8764486
20	21	SIL	2.61935806
20	21	t	7.48674107
20	21	th	0.0768989995
20	21	uw	15.0781231
20	21	v	11.1698437
20	21	w	13.807723
20	21	z	7.56657791
21	22	ah	16.374958
21	22	ao	13.014924
21	22	ax	14.1161699
21	22	ay	15.5017633
21	22	eh	9.08860302
21	22	ey	17.1020775
21	22	f	8.68976879
21	22	ih	13.2374954
21	22	iy	12.7649612
21	22	k	10.4289293
21	22	n	11.0132246
21	22	ow	15.6224432
21	22	r	14.0379047
21	22	s	11.4517336
21	22	SIL	3.35526705
21	22	t	7.07424498
21	22	th	0.0396619998
21	22	uw	14.3376141
21	22	v	7.63656712
21	22	w	13.6212654
21	22	z	6.07138395
22	23	ah	14.2075462
22	23	ao	10.5533686
22	23	ax	13.2073011
22	23	ay	14.5017738
22	23	eh	10.173233
22	23	ey	14.7207584
22	23	f	8.52074718
22	23	ih	12.4877558
22	23	iy	11.1121054
22	23	k	9.68512821
22	23	n	11.7193689
22	23	ow	11.073369
22	23	r	11.2934132
22	23	s	10.1358271
22	23	SIL	4.87004709
22	23	t	7.36703491
22	23	th	0.0102509996
22	23	uw	12.0031424
22	23	v	9.80348587
22	23	w	13.5211334
22	23	z	6.56567907
23	24	ah	13.6221199
23	24	ao	9.38020897
23	24	ax	12.8495846
23	24	ay	16.2864857
23	24	eh	10.211751
23	24	ey	14.4337187
23	24	f	10.046196
23	24	ih	10.3849649
23	24	iy	7.61374617
23	24	k	9.19398975
23	24	n	10.7102842
23	24	ow	10.176465
23	24	r	6.72057819
23	24	s	10.3762598
23	24	SIL	6.48622704
23	24	t	9.28166771
23	24	th	0.00519599998
23	24	uw	11.4864283
23	24	v	13.7138691
23	24	w	15.9055872
23	24	z	6.5281558
24	25	ah	13.6391506
24	25	ao	9.64573193
24	25	ax	15.4633331
24	25	ay	16.8407936
24	25	eh	12.4111996
24	25	ey	15.5904188
24	25	f	11.2251368
24	25	ih	11.516077
24	25	iy	6.73031187
24	25	k	7.74520922
24	25	n	11.5515413
24	25	ow	9.0611372
24	25	r	2.65205598
24	25	s	14.0240364
24	25	SIL	8.92068481
24	25	t	11.487216
24	25	th	0.0754809976
24	25	uw	9.96251202
24	25	v	14.9299192
24	25	w	14.130682
24	25	z	8.75885868
25	26	ah	12.9496784
25	26	ao	9.81703091
25	26	ax	16.3265362
25	26	ay	14.7686367
25	26	eh	14.9074717
25	26	ey	15.8883867
25	26	f	13.5693703
25	26	ih	14.041441
25	26	iy	8.50038815
25	26	k	8.58153439
25	26	n	10.6533928
25	26	ow	10.4488583
25	26	r	1.11300802
25	26	s	14.2649632
25	26	SIL	9.39679813
25	26	t	11.200964
25	26	th	0.399363011
25	26	uw	10.0332098
25	26	v	14.4872732
25	26	w	11.6640682
25	26	z	10.4060364
26	27	ah	14.2966595
26	27	ao	9.68197632
26	27	ax	17.6541901
26	27	ay	13.3250504
26	27	eh	14.9161444
26	27	ey	13.9011288
26	27	f	14.2447081
26	27	ih	11.3614407
26	27	iy	12.7191429
26	27	k	7.776999
26	27	n	12.0127487
26	27	ow	13.403471
26	27	r	0.475607008
26	27	s	13.4572201
26	27	SIL	8.91935158
26	27	t	10.8325491
26	27	th	0.973541021
26	27	uw	10.6096382
26	27	v	13.224165
26	27	w	10.2116804
26	27	z	10.677577
27	28	ah	14.3995066
27	28	ao	9.19089508
27	28	ax	13.5697689
27	28	ay	13.913187
27	28	eh	13.6402178
27	28	ey	11.0563068
27	28	f	12.0685873
27	28	ih	9.61113071
27	28	iy	14.5055285
27	28	k	7.9481039
27	28	n	10.7071819
27	28	ow	10.9890089
27	28	r	0.53245002
27	28	s	13.2372627
27	28	SIL	8.0651722
27	28	t	8.14270878
27	28	th	0.888198018
27	28	uw	8.90874863
27	28	v	9.90375233
27	28	w	10.1167507
27	28	z	10.855094
28	29	ah	15.7219477
28	29	ao	9.51313114
28	29	ax	12.0723925
28	29	ay	15.0110598
28	29	eh	15.8764296
28	29	ey	11.8089609
28	29	f	12.7557945
28	29	ih	10.0494328
28	29	iy	14.1223497
28	29	k	8.42039013
28	29	n	11.7877026
28	29	ow	10.7607021
28	29	r	0.0158370007
28	29	s	15.5691929
28	29	SIL	9.66801071
28	29	t	12.8051357
28	29	th	4.19512415
28	29	uw	8.66576576
28	29	v	11.473196
28	29	w	11.7224188
28	29	z	12.7998104
29	30	ah	18.0804977
29	30	ao	9.68523884
29	30	ax	11.5740061
29	30	ay	15.979825
29	30	eh	17.0689087
29	30	ey	13.7837429
29	30	f	14.218339
29	30	ih	12.2067785
29	30	iy	15.4465036
29	30	k	11.0955315
29	30	n	12.4419374
29	30	ow	11.8821278
29	30	r	0.000841000001
29	30	s	15.5532942
29	30	SIL	11.7968054
29	30	t	15.5233431
29	30	th	7.36471701
29	30	uw	9.31990814
29	30	v	12.2451391
29	30	w	15.4682941
29	30	z	14.4744177
30	31	ah	16.1001644
30	31	ao	9.0806818
30	31	ax	10.1960268
30	31	ay	12.5785284
30	31	eh	12.8342762
30	31	ey	10.4065037
30	31	f	12.4551411
30	31	ih	9.41886997
30	31	iy	9.8092041
30	31	k	10.8516521
30	31	n	12.7463942
30	31	ow	10.9125814
30	31	r	0.000844000024
30	31	s	12.3834066
30	31	SIL	11.3204184
30	31	t	15.0681677
30	31	th	8.72923279
30	31	uw	8.30298901
30	31	v	11.1897154
30	31	w	16.41922
30	31	z	10.2479773
31	32	ah	11.563468
31	32	ao	7.96508312
31	32	ax	10.1454105
31	32	ay	8.62493706
31	32	eh	11.968091
31	32	ey	6.53342009
31	32	f	10.9524879
31	32	ih	7.80716181
31	32	iy	7.19376993
31	32	k	9.17770386
31	32	n	11.0286341
31	32	ow	9.6112442
31	32	r	0.0046430002
31	32	s	11.1814442
31	32	SIL	9.45506668
31	32	t	12.9054708
31	32	th	9.56008816
31	32	uw	6.99871492
31	32	v	9.35361004
31	32	w	12.6980982
31	32	z	9.63159847
32	33	ah	14.0996943
32	33	ao	9.5291729
32	33	ax	14.03088
32	33	ay	12.6269398
32	33	eh	15.0319719
32	33	ey	9.4342947
32	33	f	14.6829271
32	33	ih	12.9818211
32	33	iy	6.59702778
32	33	k	12.1476898
32	33	n	12.9901419
32	33	ow	10.722496
32	33	r	0.00162200001
32	33	s	14.5304012
32	33	SIL	11.9985142
32	33	t	17.3472729
32	33	th	15.1708593
32	33	uw	9.78961563
32	33	v	13.96455
32	33	w	13.7337551
32	33	z	13.5861359
33	34	ah	15.2264194
33	34	ao	12.2190638
33	34	ax	14.1543884
33	34	ay	14.1052132
33	34	eh	16.9381084
33	34	ey	10.4998465
33	34	f	16.9168396
33	34	ih	13.129159
33	34	iy	4.53187513
33	34	k	12.2352076
33	34	n	13.7910786
33	34	ow	11.8358421
33	34	r	0.0108869998
33	34	s	17.4521389
33	34	SIL	13.4876356
33	34	t	15.8310137
33	34	th	16.8708553
33	34	uw	11.014226
33	34	v	15.8662806
33	34	w	15.966876
33	34	z	16.6178055
34	35	ah	15.6237555
34	35	ao	13.8038778
34	35	ax	15.192606
34	35	ay	12.8975677
34	35	eh	17.7132549
34	35	ey	9.54088688
34	35	f	16.7965202
34	35	ih	11.8675079
34	35	iy	2.72837901
34	35	k	12.5659628
34	35	n	13.4262199
34	35	ow	13.2200069
34	35	r	0.0676660016
34	35	s	17.3423519
34	35	SIL	14.3036938
34	35	t	15.1830292
34	35	th	16.7095451
34	35	uw	11.3550854
34	35	v	16.9855042
34	35	w	16.4617805
34	35	z	18.2247295
35	36	ah	15.9865437
35	36	ao	14.8135738
35	36	ax	15.271718
35	36	ay	11.8600407
35	36	eh	17.3929176
35	36	ey	8.41200161
35	36	f	16.2752819
35	36	ih	10.8644791
35	36	iy	2.43869805
35	36	k	11.6693544
35	36	n	12.6649046
35	36	ow	13.1126413
35	36	r	0.0916329995
35	36	s	16.3061161
35	36	SIL	13.4571352
35	36	t	14.2868862
35	36	th	15.4154921
35	36	uw	10.8076811
35	36	v	15.6913633
35	36	w	17.1559849
35	36	z	17.3767204
36	37	ah	14.3626194
36	37	ao	15.5352669
36	37	ax	13.419136
36	37	ay	9.10647202
36	37	eh	15.009779
36	37	ey	6.82335091
36	37	f	14.0365143
36	37	ih	9.57091331
36	37	iy	1.35299504
36	37	k	11.0024214
36	37	n	9.69036579
36	37	ow	10.7210331
36	37	r	0.301007003
36	37	s	14.0677147
36	37	SIL	10.915863
36	37	t	12.5545979
36	37	th	13.3470783
36	37	uw	9.76134968
36	37	v	11.7858343
36	37	w	15.5977974
36	37	z	15.5273886
37	38	ah	13.2278271
37	38	ao	16.4708614
37	38	ax	10.9815836
37	38	ay	7.80040407
37	38	eh	12.3419247
37	38	ey	6.55085707
37	38	f	13.5458899
37	38	ih	8.33455753
37	38	iy	0.427527994
37	38	k	11.149375
37	38	n	6.8423171
37	38	ow	8.45048523
37	38	r	1.06892705
37	38	s	12.8814344
37	38	SIL	9.50514698
37	38	t	11.0774698
37	38	th	12.7578249
37	38	uw	6.96690178
37	38	v	9.62126637
37	38	w	14.6372643
37	38	z	14.754014
38	39	ah	12.7659893
38	39	ao	16.2143135
38	39	ax	10.5425673
38	39	ay	7.05688
38	39	eh	10.8387346
38	39	ey	7.43812799
38	39	f	13.7646008
38	39	ih	8.18353367
38	39	iy	0.140312001
38	39	k	12.8890219
38	39	n	5.57968378
38	39	ow	8.62402534
38	39	r	2.12428308
38	39	s	12.6111565
38	39	SIL	9.02706146
38	39	t	10.1499777
38	39	th	12.9306202
38	39	uw	5.22738409
38	39	v	8.9878788
38	39	w	14.0212154
38	39	z	13.8643303
39	40	ah	14.7145147
39	40	ao	16.3412151
39	40	ax	12.4823904
39	40	ay	6.17696381
39	40	eh	11.8150826
39	40	ey	6.7613492
39	40	f	14.7804728
39	40	ih	9.85115433
39	40	iy	0.0299190003
39	40	k	14.5194216
39	40	n	6.22765207
39	40	ow	10.4675274
39	40	r	3.97395897
39	40	s	12.729826
39	40	SIL	9.17352295
39	40	t	10.5534973
39	40	th	13.2961016
39	40	uw	5.25686121
39	40	v	10.5085506
39	40	w	15.4169493
39	40	z	13.567255
40	41	ah	15.6173468
40	41	ao	16.9577675
40	41	ax	14.3666
40	41	ay	6.0928359
40	41	eh	14.0136261
40	41	ey	5.19123602
40	41	f	15.7864866
40	41	ih	10.9160986
40	41	iy	0.0194809996
40	41	k	15.5822659
40	41	n	6.36009979
40	41	ow	11.1887503
40	41	r	5.23796177
40	41	s	12.9020948
40	41	SIL	8.0845356
40	41	t	10.1433926
40	41	th	14.4879665
40	41	uw	5.51346922
40	41	v	11.4159193
40	41	w	17.2377319
40	41	z	14.612155
41	42	ah	14.8936968
41	42	ao	15.2218351
41	42	ax	14.4585857
41	42	ay	7.08453178
41	42	eh	15.0063276
41	42	ey	4.09882879
41	42	f	15.6641378
41	42	ih	9.41056156
41	42	iy	0.0241269991
41	42	k	14.4993706
41	42	n	6.54647684
41	42	ow	12.709157
41	42	r	6.66556787
41	42	s	12.2956409
41	42	SIL	7.97332382
41	42	t	10.1991787
41	42	th	14.1848612
41	42	uw	5.73815203
41	42	v	12.5133543
41	42	w	15.2499638
41	42	z	15.3464642
42	43	ah	14.8798981
42	43	ao	14.883173
42	43	ax	13.8475447
42	43	ay	7.64471722
42	43	eh	16.360754
42	43	ey	3.88246799
42	43	f	15.6052198
42	43	ih	10.0854311
42	43	iy	0.0274860002
42	43	k	15.6637983
42	43	n	5.84929609
42	43	ow	13.7858486
42	43	r	7.7758379
42	43	s	12.5141811
42	43	SIL	7.1776619
42	43	t	10.8386202
42	43	th	14.6668053
42	43	uw	6.26960707
42	43	v	12.1568375
42	43	w	13.6539373
42	43	z	15.5041027
43	44	ah	17.5644665
43	44	ao	15.919795
43	44	ax	16.192667
43	44	ay	8.57907963
43	44	eh	17.7111645
43	44	ey	6.70088196
43	44	f	15.6083488
43	44	ih	11.4776983
43	44	iy	0.00251800008
43	44	k	17.1607685
43	44	n	8.25099754
43	44	ow	15.0763588
43	44	r	9.05669403
43	44	s	12.7243166
43	44	SIL	7.36617994
43	44	t	12.9241152
43	44	th	16.3387089
43	44	uw	9.58873367
43	44	v	13.1109858
43	44	w	15.9255238
43	44	z	15.8338146
44	45	ah	18.5782642
44	45	ao	16.8341389
44	45	ax	17.3181076
44	45	ay	8.7507391
44	45	eh	17.541687
44	45	ey	8.16763592
44	45	f	16.9249268
44	45	ih	10.8497372
44	45	iy	0.00138200005
44	45	k	15.0233641
44	45	n	9.45262814
44	45	ow	15.4111786
44	45	r	8.96256542
44	45	s	13.3780346
44	45	SIL	7.26234818
44	45	t	13.3415461
44	45	th	16.0308437
44	45	uw	12.2242422
44	45	v	12.8823442
44	45	w	17.1961708
44	45	z	15.6442423
45	46	ah	16.2349453
45	46	ao	17.2281055
45	46	ax	16.210289
45	46	ay	6.23758221
45	46	eh	17.5075951
45	46	ey	5.47099495
45	46	f	16.052206
45	46	ih	8.16249847
45	46	iy	0.0164359994
45	46	k	10.3805027
45	46	n	6.67093801
45	46	ow	13.5262852
45	46	r	9.27979183
45	46	s	13.8377514
45	46	SIL	4.78527021
45	46	t	9.80950928
45	46	th	14.2491302
45	46	uw	12.1401749
45	46	v	9.98100853
45	46	w	16.2942677
45	46	z	13.2777786
46	47	ah	13.9979639
46	47	ao	16.9255371
46	47	ax	13.9052706
46	47	ay	3.32062507
46	47	eh	17.0714588
46	47	ey	3.03879189
46	47	f	12.7001314
46	47	ih	7.2689929
46	47	iy	0.365260005
46	47	k	7.92254591
46	47	n	2.57294607
46	47	ow	11.1248941
46	47	r	7.92828703
46	47	s	12.5576897
46	47	SIL	1.95735204
46	47	t	6.2766161
46	47	th	11.5204477
46	47	uw	10.5262127
46	47	v	6.87407207
46	47	w	14.350522
46	47	z	10.6182108
47	48	ah	13.2689505
47	48	ao	16.6282978
47	48	ax	13.4262848
47	48	ay	4.15866899
47	48	eh	17.6034145
47	48	ey	4.29458284
47	48	f	10.6891375
47	48	ih	7.21623182
47	48	iy	0.889914989
47	48	k	6.89328003
47	48	n	1.32993495
47	48	ow	11.0917673
47	48	r	7.40483618
47	48	s	11.8502121
47	48	SIL	1.24644601
47	48	t	5.37071705
47	48	th	8.99691486
47	48	uw	9.98287868
47	48	v	7.18418121
47	48	w	13.6248512
47	48	z	10.3212271
48	49	ah	11.5811081
48	49	ao	19.2869873
48	49	ax	15.4461365
48	49	ay	4.17386198
48	49	eh	19.7978668
48	49	ey	7.6094408
48	49	f	9.30079556
48	49	ih	10.4539557
48	49	iy	1.02769494
48	49	k	7.14341879
48	49	n	1.80487704
48	49	ow	11.0245733
48	49	r	10.668067
48	49	s	10.3925638
48	49	SIL	0.807322979
48	49	t	4.25528479
48	49	th	8.07475567
48	49	uw	9.58749676
48	49	v	9.06226826
48	49	w	11.8536549
48	49	z	9.83614922
49	50	ah	10.5472832
49	50	ao	20.7043171
49	50	ax	14.4313583
49	50	ay	6.16960621
49	50	eh	20.0799179
49	50	ey	9.09739685
49	50	f	8.99378872
49	50	ih	13.4881029
49	50	iy	3.35397911
49	50	k	8.41375828
49	50	n	2.01957989
49	50	ow	10.2490139
49	50	r	13.2930984
49	50	s	12.2574444
49	50	SIL	0.245298997
49	50	t	3.06128907
49	50	th	9.62205887
49	50	uw	8.95973301
49	50	v	8.41552734
49	50	w	12.2973003
49	50	z	12.1116867
50	51	ah	12.1262407
50	51	ao	20.2486572
50	51	ax	12.3292036
50	51	ay	6.96308899
50	51	eh	20.8763428
50	51	ey	11.3941183
50	51	f	10.0540934
50	51	ih	15.5777159
50	51	iy	7.78225422
50	51	k	11.3645353
50	51	n	0.512952983
50	51	ow	10.2662382
50	51	r	13.7451181
50	51	s	13.2998209
50	51	SIL	0.936342001
50	51	t	4.98614788
50	51	th	11.5412807
50	51	uw	7.72608089
50	51	v	7.69399595
50	51	w	15.8383245
50	51	z	14.7388792
51	52	ah	11.9691048
51	52	ao	16.4362774
51	52	ax	12.3348913
51	52	ay	7.37607098
51	52	eh	18.1573696
51	52	ey	13.2723494
51	52	f	7.85675621
51	52	ih	14.7005482
51	52	iy	8.81861877
51	52	k	9.06333733
51	52	n	3.16235304
51	52	ow	9.8312912
51	52	r	11.6958122
51	52	s	11.515707
51	52	SIL	0.0576529987
51	52	t	5.7334919
51	52	th	10.2218466
51	52	uw	8.93338013
51	52	v	4.71831703
51	52	w	16.5612888
51	52	z	14.5361691
52	53	ah	12.4845829
52	53	ao	16.3765774
52	53	ax	12.6126461
52	53	ay	9.16330338
52	53	eh	19.1994781
52	53	ey	15.3251667
52	53	f	8.42080879
52	53	ih	14.9918213
52	53	iy	9.91986942
52	53	k	8.65428734
52	53	n	6.4853158
52	53	ow	12.2211323
52	53	r	10.5851507
52	53	s	11.2280931
52	53	SIL	0.0136489999
52	53	t	6.22707701
52	53	th	10.5027866
52	53	uw	9.24890804
52	53	v	4.67441511
52	53	w	16.4577484
52	53	z	14.7512112
53	54	ah	14.3319988
53	54	ao	18.3604298
53	54	ax	13.5720472
53	54	ay	9.6145792
53	54	eh	20.8306675
53	54	ey	18.2252331
53	54	f	8.60483074
53	54	ih	16.0795403
53	54	iy	13.0047693
53	54	k	8.5350523
53	54	n	7.20446682
53	54	ow	14.5274553
53	54	r	12.432354
53	54	s	11.1972036
53	54	SIL	0.0131320003
53	54	t	6.47576523
53	54	th	11.2687569
53	54	uw	12.5414858
53	54	v	4.57786608
53	54	w	19.6305866
53	54	z	16.9593277
54	55	ah	15.7067299
54	55	ao	17.9614029
54	55	ax	13.2760181
54	55	ay	11.0288525
54	55	eh	20.5084705
54	55	ey	18.8600006
54	55	f	8.50258923
54	55	ih	15.9933939
54	55	iy	14.9981089
54	55	k	9.32976532
54	55	n	7.72151518
54	55	ow	13.7778883
54	55	r	12.9231253
54	55	s	11.9244232
54	55	SIL	0.00932800025
54	55	t	7.44180822
54	55	th	11.4120302
54	55	uw	12.1701746
54	55	v	4.83848906
54	55	w	21.5651054
54	55	z	18.1362133
55	56	ah	16.7517586
55	56	ao	16.8775463
55	56	ax	14.2597761
55	56	ay	11.1963749
55	56	eh	19.4274616
55	56	ey	18.7977505
55	56	f	8.66108418
55	56	ih	14.853056
55	56	iy	15.0439281
55	56	k	9.49479675
55	56	n	8.47629166
55	56	ow	13.1071291
55	56	r	12.0356102
55	56	s	10.527112
55	56	SIL	0.00735800015
55	56	t	8.26416397
55	56	th	10.6922522
55	56	uw	10.6989889
55	56	v	5.03259611
55	56	w	21.1904545
55	56	z	17.451004
56	57	ah	17.5106678
56	57	ao	16.0372257
56	57	ax	14.3824129
56	57	ay	10.6240768
56	57	eh	17.7304783
56	57	ey	18.2589474
56	57	f	8.5358448
56	57	ih	13.7507257
56	57	iy	14.0569124
56	57	k	8.98587227
56	57	n	8.55371857
56	57	ow	11.3621483
56	57	r	11.2678833
56	57	s	9.21008205
56	57	SIL	0.0103249997
56	57	t	7.68442202
56	57	th	10.1645613
56	57	uw	9.23348713
56	57	v	4.70946503
56	57	w	21.0716324
56	57	z	16.6291943
57	58	ah	18.4032726
57	58	ao	15.3558884
57	58	ax	15.1638842
57	58	ay	10.0309258
57	58	eh	18.3602867
57	58	ey	18.0585575
57	58	f	7.92043209
57	58	ih	13.2215309
57	58	iy	13.495327
57	58	k	8.61561203
57	58	n	9.0193634
57	58	ow	10.8194942
57	58	r	10.409996
57	58	s	8.62447643
57	58	SIL	0.00789800007
57	58	t	7.06267595
57	58	th	9.10492039
57	58	uw	9.62469864
57	58	v	5.13444185
57	58	w	21.8114567
57	58	z	15.9857216
58	59	ah	18.5517864
58	59	ao	15.9180002
58	59	ax	15.392539
58	59	ay	10.0769701
58	59	eh	19.7144775
58	59	ey	17.8423977
58	59	f	7.82674789
58	59	ih	13.854641
58	59	iy	13.6115618
58	59	k	9.77638912
58	59	n	8.85758781
58	59	ow	11.0186634
58	59	r	10.960124
58	59	s	9.41307068
58	59	SIL	0.00497200014
58	59	t	7.18420315
58	59	th	9.415555
58	59	uw	10.5312204
58	59	v	5.70332479
58	59	w	22.8760014
58	59	z	16.4497681
59	60	ah	18.3382072
59	60	ao	16.3284035
59	60	ax	14.9553204
59	60	ay	10.2011375
59	60	eh	19.3478661
59	60	ey	17.3416195
59	60	f	7.46774387
59	60	ih	13.891778
59	60	iy	13.4477596
59	60	k	10.3605671
59	60	n	8.24577808
59	60	ow	11.2056227
59	60	r	11.3971424
59	60	s	9.30913353
59	60	SIL	0.00752499979
59	60	t	7.15943623
59	60	th	9.09990215
59	60	uw	11.140296
59	60	v	5.18986893
59	60	w	22.6090355
59	60	z	16.1136456
60	61	ah	18.5881691
60	61	ao	16.8979683
60	61	ax	15.3555622
60	61	ay	10.6278086
60	61	eh	19.5151405
60	61	ey	16.9094543
60	61	f	7.81932211
60	61	ih	14.2548923
60	61	iy	13.4097786
60	61	k	10.437398
60	61	n	8.11433887
60	61	ow	12.0462494
60	61	r	12.5380135
60	61	s	9.46570587
60	61	SIL	0.00522999978
60	61	t	6.90688086
60	61	th	8.90671158
60	61	uw	12.3484631
60	61	v	5.73478317
60	61	w	22.8204308
60	61	z	15.8777418
61	62	ah	18.4027748
61	62	ao	17.1118927
61	62	ax	16.0946922
61	62	ay	10.6964684
61	62	eh	19.6702232
61	62	ey	16.6050358
61	62	f	8.69704437
61	62	ih	13.9969997
61	62	iy	13.6493177
61	62	k	10.3890896
61	62	n	7.92473316
61	62	ow	12.7791843
61	62	r	13.1453772
61	62	s	9.92578411
61	62	SIL	0.00240599993
61	62	t	7.1260891
61	62	th	8.35763645
61	62	uw	13.0933056
61	62	v	7.22990608
61	62	w	22.1296997
61	62	z	15.6637487
62	63	ah	18.4941845
62	63	ao	17.3653297
62	63	ax	16.9807892
62	63	ay	10.5657082
62	63	eh	19.7687836
62	63	ey	17.8222847
62	63	f	8.54499817
62	63	ih	14.0494776
62	63	iy	14.3860435
62	63	k	10.1703291
62	63	n	8.30508804
62	63	ow	13.4973679
62	63	r	13.7180882
62	63	s	9.54318523
62	63	SIL	0.00169800001
62	63	t	7.70672083
62	63	th	8.34043407
62	63	uw	13.5157022
62	63	v	7.76259804
62	63	w	21.9955025
62	63	z	16.0139523
63	64	ah	19.8048687
63	64	ao	16.8546143
63	64	ax	17.8313713
63	64	ay	11.2974396
63	64	eh	20.5328522
63	64	ey	17.7294865
63	64	f	8.80037785
63	64	ih	13.7483263
63	64	iy	14.7101669
63	64	k	10.4071894
63	64	n	8.84645271
63	64	ow	13.5889196
63	64	r	13.5807514
63	64	s	9.86389446
63	64	SIL	0.001024
63	64	t	8.22086716
63	64	th	8.8169384
63	64	uw	13.4514933
63	64	v	8.46134663
63	64	w	23.4978371
63	64	z	16.3375149
64	65	ah	19.7904587
64	65	ao	15.8771582
64	65	ax	17.8290863
64	65	ay	11.5332527
64	65	eh	20.667078
64	65	ey	16.4666958
64	65	f	8.52475929
64	65	ih	12.6899529
64	65	iy	14.3396788
64	65	k	9.84254169
64	65	n	8.81036377
64	65	ow	12.9264574
64	65	r	12.8405313
64	65	s	9.42009258
64	65	SIL	0.00113900006
64	65	t	8.09380054
64	65	th	8.87902641
64	65	uw	13.0532064
64	65	v	8.5661993
64	65	w	23.3532352
64	65	z	15.7204142
65	66	ah	18.7514057
65	66	ao	15.7336349
65	66	ax	17.5080853
65	66	ay	11.3613129
65	66	eh	20.7045097
65	66	ey	15.569375
65	66	f	7.5717988
65	66	ih	12.281251
65	66	iy	14.7167482
65	66	k	9.10273075
65	66	n	8.20665359
65	66	ow	13.3820534
65	66	r	12.6334333
65	66	s	8.9081192
65	66	SIL	0.00203999993
65	66	t	7.92135906
65	66	th	8.09424782
65	66	uw	13.1653471
65	66	v	8.07497311
65	66	w	22.7174835
65	66	z	15.2846813
66	67	ah	19.3042164
66	67	ao	16.2936687
66	67	ax	18.5399475
66	67	ay	11.7805443
66	67	eh	22.1593132
66	67	ey	16.8282967
66	67	f	8.5846777
66	67	ih	13.7993002
66	67	iy	15.2663155
66	67	k	10.4224262
66	67	n	8.85602188
66	67	ow	14.6238737
66	67	r	13.4819498
66	67	s	9.41281509
66	67	SIL	0.000791000028
66	67	t	8.96157455
66	67	th	9.03374386
66	67	uw	13.973321
66	67	v	9.30751991
66	67	w	22.7001495
66	67	z	15.7118387
67	
