0	1	ah	19.3661346
0	1	ao	18.1905861
0	1	ax	17.7674751
0	1	ay	12.0995255
0	1	eh	22.3510437
0	1	ey	18.2700272
0	1	f	9.35406971
0	1	ih	15.6252317
0	1	iy	14.6414747
0	1	k	11.3090973
0	1	n	9.07237053
0	1	ow	13.8237743
0	1	r	14.8442535
0	1	s	10.2363882
0	1	SIL	0.000795
0	1	t	8.0506649
0	1	th	10.3594398
0	1	uw	14.8427811
0	1	v	8.58413696
0	1	w	23.073925
0	1	z	17.3504543
1	2	ah	19.5178375
1	2	ao	18.2446384
1	2	ax	18.1989307
1	2	ay	12.2493992
1	2	eh	22.5371952
1	2	ey	18.0106945
1	2	f	9.7436409
1	2	ih	15.5253
1	2	iy	14.9775591
1	2	k	11.1944761
1	2	n	9.24988842
1	2	ow	14.372674
1	2	r	15.1042347
1	2	s	10.3825579
1	2	SIL	0.000720000011
1	2	t	7.95836878
1	2	th	10.3344288
1	2	uw	15.61378
1	2	v	8.93357277
1	2	w	22.8526707
1	2	z	17.1420956
2	3	ah	19.0615559
2	3	ao	17.6803036
2	3	ax	18.3632469
2	3	ay	12.1330013
2	3	eh	21.8806934
2	3	ey	17.5379601
2	3	f	9.79714012
2	3	ih	15.0363445
2	3	iy	15.2342682
2	3	k	10.6323223
2	3	n	9.23678303
2	3	ow	14.2963343
2	3	r	14.3576822
2	3	s	10.2023039
2	3	SIL	0.000942000013
2	3	t	7.57532883
2	3	th	9.47607899
2	3	uw	15.5245733
2	3	v	8.94867134
2	3	w	21.9866848
2	3	z	16.1016178
3	4	ah	19.1977425
3	4	ao	17.2392864
3	4	ax	18.4540977
3	4	ay	11.54988
3	4	eh	21.8529339
3	4	ey	17.0500603
3	4	f	9.55125427
3	4	ih	14.8894758
3	4	iy	15.4142914
3	4	k	10.9374495
3	4	n	9.29854393
3	4	ow	14.7298498
3	4	r	14.032156
3	4	s	10.0500441
3	4	SIL	0.000855999999
3	4	t	7.7702961
3	4	th	9.86704826
3	4	uw	15.4691429
3	4	v	8.82653999
3	4	w	22.3709011
3	4	z	15.6527557
4	5	ah	18.73629
4	5	ao	17.4083614
4	5	ax	17.4540596
4	5	ay	10.8009491
4	5	eh	21.4818707
4	5	ey	16.3684311
4	5	f	9.82900429
4	5	ih	14.6032238
4	5	iy	15.6311512
4	5	k	11.4708824
4	5	n	8.6535387
4	5	ow	14.6832628
4	5	r	14.2523804
4	5	s	9.82955074
4	5	SIL	0.000997000025
4	5	t	7.75344992
4	5	th	10.0984373
4	5	uw	15.0238829
4	5	v	8.46357441
4	5	w	22.1795216
4	5	z	14.8573446
5	6	ah	18.3258877
5	6	ao	17.6549454
5	6	ax	16.8788166
5	6	ay	10.4973583
5	6	eh	20.6762714
5	6	ey	16.1490879
5	6	f	10.4766808
5	6	ih	14.7793856
5	6	iy	15.2391338
5	6	k	12.072257
5	6	n	8.28344536
5	6	ow	14.415102
5	6	r	14.6427603
5	6	s	9.82822514
5	6	SIL	0.001101
5	6	t	7.77049923
5	6	th	10.2242966
5	6	uw	14.380765
5	6	v	8.21269703
5	6	w	21.5703087
5	6	z	14.2393951
6	7	ah	18.6909866
6	7	ao	17.3843231
6	7	ax	17.066391
6	7	ay	10.7118788
6	7	eh	20.7268791
6	7	ey	16.1428394
6	7	f	10.2690334
6	7	ih	15.0424404
6	7	iy	14.7169495
6	7	k	12.4917421
6	7	n	8.44864368
6	7	ow	14.3862314
6	7	r	14.8942671
6	7	s	10.0636492
6	7	SIL	0.00112799997
6	7	t	7.56736803
6	7	th	10.0044518
6	7	uw	14.0317535
6	7	v	8.3187933
6	7	w	21.4437904
6	7	z	14.025486
7	8	ah	18.4116554
7	8	ao	16.8711414
7	8	ax	17.0640221
7	8	ay	10.973362
7	8	eh	20.3821487
7	8	ey	15.7485991
7	8	f	10.1569729
7	8	ih	14.8477268
7	8	iy	14.5439615
7	8	k	12.5442648
7	8	n	8.23758125
7	8	ow	13.8564606
7	8	r	14.6330233
7	8	s	9.93396854
7	8	SIL	0.00105299999
7	8	t	7.94704294
7	8	th	10.4198313
7	8	uw	13.8308096
7	8	v	8.13868713
7	8	w	21.3921642
7	8	z	13.8526678
8	9	ah	18.224081
8	9	ao	16.8537006
8	9	ax	16.4065323
8	9	ay	11.768899
8	9	eh	19.5759544
8	9	ey	15.5400438
8	9	f	9.9442358
8	9	ih	14.6693659
8	9	iy	14.6214371
8	9	k	12.7586079
8	9	n	7.673388
8	9	ow	14.0995932
8	9	r	15.3582211
8	9	s	10.3202353
8	9	SIL	0.00150799996
8	9	t	7.54822397
8	9	th	9.5454073
8	9	uw	14.0920258
8	9	v	7.96479607
8	9	w	20.8718891
8	9	z	13.5952568
9	10	ah	18.7903442
9	10	ao	17.1035843
9	10	ax	16.8251953
9	10	ay	11.3820171
9	10	eh	20.0032158
9	10	ey	15.8745403
9	10	f	9.42040253
9	10	ih	14.3997145
9	10	iy	15.0681219
9	10	k	11.8091555
9	10	n	8.52080059
9	10	ow	14.2242966
9	10	r	15.3926306
9	10	s	10.1030836
9	10	SIL	0.00176599994
9	10	t	7.14962387
9	10	th	8.99211216
9	10	uw	14.6421461
9	10	v	7.57768488
9	10	w	21.6634827
9	10	z	13.8590832
10	11	ah	18.6244774
10	11	ao	16.9604034
10	11	ax	16.6521702
10	11	ay	11.3929586
10	11	eh	20.0767231
10	11	ey	16.3258324
10	11	f	9.92879391
10	11	ih	14.821804
10	11	iy	15.2994242
10	11	k	12.1626883
10	11	n	8.81715488
10	11	ow	14.09585
10	11	r	15.7086582
10	11	s	10.2796249
10	11	SIL	0.00148600002
10	11	t	7.2181282
10	11	th	9.1793499
10	11	uw	14.0226927
10	11	v	7.82994604
10	11	w	21.5912228
10	11	z	14.0924139
11	12	ah	18.5108585
11	12	ao	16.1316166
11	12	ax	15.9943657
11	12	ay	10.8898039
11	12	eh	20.1602154
11	12	ey	16.1864357
11	12	f	9.69613361
11	12	ih	14.3156033
11	12	iy	15.0495453
11	12	k	11.8714218
11	12	n	8.64343262
11	12	ow	13.2583427
11	12	r	14.7752581
11	12	s	9.74714756
11	12	SIL	0.00185200002
11	12	t	6.98343801
11	12	th	8.89325047
11	12	uw	13.3145285
11	12	v	7.68983078
11	12	w	21.3801022
11	12	z	13.679204
12	13	ah	18.4205227
12	13	ao	15.4116373
12	13	ax	16.2637672
12	13	ay	11.1587496
12	13	eh	20.6916313
12	13	ey	15.8732843
12	13	f	10.0102262
12	13	ih	14.429101
12	13	iy	14.3623476
12	13	k	11.8430042
12	13	n	8.52126312
12	13	ow	12.1245184
12	13	r	12.4808331
12	13	s	9.94070625
12	13	SIL	0.00138699997
12	13	t	7.29952002
12	13	th	8.87377071
12	13	uw	12.4692383
12	13	v	8.33324718
12	13	w	21.0501976
12	13	z	13.1769352
13	14	ah	19.0895214
13	14	ao	15.9854136
13	14	ax	17.3578148
13	14	ay	11.183217
13	14	eh	19.9242592
13	14	ey	15.6575432
13	14	f	10.9191866
13	14	ih	14.0303593
13	14	iy	14.4924879
13	14	k	12.4824553
13	14	n	8.90207958
13	14	ow	12.6827393
13	14	r	11.742137
13	14	s	10.3481483
13	14	SIL	0.000730999978
13	14	t	8.56754112
13	14	th	9.40387917
13	14	uw	13.2374563
13	14	v	8.34413528
13	14	w	21.1833878
13	14	z	13.3322763
14	15	ah	17.9902477
14	15	ao	16.3657131
14	15	ax	16.7835655
14	15	ay	9.17496204
14	15	eh	18.1622066
14	15	ey	14.6253614
14	15	f	9.45569706
14	15	ih	13.4280262
14	15	iy	12.9423141
14	15	k	11.128767
14	15	n	7.80288315
14	15	ow	12.0627756
14	15	r	10.6659117
14	15	s	10.0976076
14	15	SIL	0.00288100005
14	15	t	8.12797165
14	15	th	8.9379158
14	15	uw	14.012044
14	15	v	6.33813381
14	15	w	20.8205872
14	15	z	13.0532894
15	16	ah	18.5001202
15	16	ao	15.8469906
15	16	ax	17.7476997
15	16	ay	9.42721462
15	16	eh	17.5886002
15	16	ey	15.1841526
15	16	f	8.60669041
15	16	ih	13.5584002
15	16	iy	12.8268814
15	16	k	10.9922094
15	16	n	8.46962261
15	16	ow	11.9815493
15	16	r	10.964057
15	16	s	9.93650246
15	16	SIL	0.00284800003
15	16	t	8.36806297
15	16	th	9.39214897
15	16	uw	13.4162874
15	16	v	6.23481512
15	16	w	21.5142498
15	16	z	14.4763813
16	17	ah	18.4971809
16	17	ao	16.2963295
16	17	ax	17.9733524
16	17	ay	9.82169819
16	17	eh	16.6955662
16	17	ey	16.8158741
16	17	f	7.30449295
16	17	ih	14.0375929
16	17	iy	14.0818233
16	17	k	9.08952427
16	17	n	8.08632183
16	17	ow	12.1946144
16	17	r	12.6684217
16	17	s	9.1820631
16	17	SIL	0.00322699989
16	17	t	7.29128599
16	17	th	8.26519203
16	17	uw	12.8654575
16	17	v	6.88755989
16	17	w	20.1066055
16	17	z	15.5288782
17	18	ah	19.4285984
17	18	ao	17.7947006
17	18	ax	18.9418964
17	18	ay	12.2441988
17	18	eh	17.1208553
17	18	ey	16.5774231
17	18	f	6.22410583
17	18	ih	15.417943
17	18	iy	16.2382393
17	18	k	9.72901917
17	18	n	7.74088717
17	18	ow	11.7868156
17	18	r	15.5009851
17	18	s	9.80144787
17	18	SIL	0.00495100021
17	18	t	6.20512915
17	18	th	9.30964756
17	18	uw	13.1170406
17	18	v	8.16964054
17	18	w	18.3994808
17	18	z	17.7035675
18	19	ah	21.6202793
18	19	ao	18.8329353
18	19	ax	19.7386665
18	19	ay	15.237792
18	19	eh	16.6370163
18	19	ey	16.7686424
18	19	f	5.36788607
18	19	ih	15.0852118
18	19	iy	17.7498035
18	19	k	9.89021683
18	19	n	9.38601208
18	19	ow	12.4969444
18	19	r	15.8702717
18	19	s	9.70515633
18	19	SIL	0.00851199962
18	19	t	5.80655718
18	19	th	8.09084415
18	19	uw	13.9461212
18	19	v	8.12168503
18	19	w	19.7169514
18	19	z	16.9117374
19	20	ah	22.2226887
19	20	ao	19.2520905
19	20	ax	20.5558205
19	20	ay	14.1717348
19	20	eh	15.93367
19	20	ey	16.3889751
19	20	f	6.59247017
19	20	ih	12.647933
19	20	iy	17.5545044
19	20	k	9.48626041
19	20	n	10.9404154
19	20	ow	12.8505917
19	20	r	15.1281929
19	20	s	9.35408401
19	20	SIL	0.00472899992
19	20	t	6.34697008
19	20	th	7.05710316
19	20	uw	14.9959888
19	20	v	7.51191711
19	20	w	21.6979103
19	20	z	15.322835
20	21	ah	21.7921104
20	21	ao	18.7134933
20	21	ax	20.6411057
20	21	ay	12.7053776
20	21	eh	15.8263683
20	21	ey	14.4107924
20	21	f	7.179883
20	21	ih	12.1877317
20	21	iy	15.2608614
20	21	k	8.26173306
20	21	n	11.5973148
20	21	ow	13.0116396
20	21	r	14.326664
20	21	s	7.85614395
20	21	SIL	0.0198650006
20	21	t	4.41586685
20	21	th	5.15510702
20	21	uw	13.4360714
20	21	v	7.8802042
20	21	w	21.1285477
20	21	z	11.8706465
21	22	ah	20.0282421
21	22	ao	19.0640011
21	22	ax	19.330162
21	22	ay	11.6352615
21	22	eh	15.8195572
21	22	ey	14.5928917
21	22	f	8.76475525
21	22	ih	12.8850365
21	22	iy	12.4994736
21	22	k	8.21323204
21	22	n	11.2188282
21	22	ow	12.3341236
21	22	r	12.5225658
21	22	s	6.00597095
21	22	SIL	0.0328239985
21	22	t	4.33578587
21	22	th	4.17092896
21	22	uw	12.9453201
21	22	v	7.41654205
21	22	w	19.4604187
21	22	z	8.37974262
22	23	ah	18.6618481
22	23	ao	18.9270458
22	23	ax	18.430769
22	23	ay	10.6860456
22	23	eh	13.5532303
22	23	ey	12.9056196
22	23	f	7.45439816
22	23	ih	11.5832653
22	23	iy	11.621521
22	23	k	7.54420519
22	23	n	8.90985489
22	23	ow	9.05121326
22	23	r	11.7482615
22	23	s	6.23272705
22	23	SIL	0.0913700014
22	23	t	3.25419092
22	23	th	3.13862896
22	23	uw	11.2185249
22	23	v	6.50971889
22	23	w	17.133091
22	23	z	7.62816906
23	24	ah	19.7377682
23	24	ao	20.3524246
23	24	ax	19.3804474
23	24	ay	13.1385727
23	24	eh	14.9388018
23	24	ey	12.8045521
23	24	f	7.487782
23	24	ih	13.4465408
23	24	iy	11.5373669
23	24	k	8.10258484
23	24	n	11.3916845
23	24	ow	9.2218256
23	24	r	11.5474272
23	24	s	7.47981787
23	24	SIL	0.145275995
23	24	t	2.56733489
23	24	th	2.89316392
23	24	uw	11.2149029
23	24	v	6.9753108
23	24	w	17.500246
23	24	z	7.47967291
24	25	ah	22.0497665
24	25	ao	19.7581635
24	25	ax	20.8217239
24	25	ay	14.0021429
24	25	eh	15.784627
24	25	ey	11.4452257
24	25	f	8.53527546
24	25	ih	15.6409264
24	25	iy	13.3172483
24	25	k	8.93054581
24	25	n	12.6764612
24	25	ow	9.22244072
24	25	r	12.784915
24	25	s	9.42374134
24	25	SIL	0.378832012
24	25	t	1.337919
24	25	th	2.99617004
24	25	uw	12.5928698
24	25	v	6.23616409
24	25	w	18.8436394
24	25	z	7.6382699
25	26	ah	18.3637753
25	26	ao	20.3645668
25	26	ax	19.9581871
25	26	ay	16.9193478
25	26	eh	20.2685375
25	26	ey	9.87725258
25	26	f	12.5861521
25	26	ih	16.6456528
25	26	iy	15.3937073
25	26	k	10.381072
25	26	n	9.7610302
25	26	ow	11.0405626
25	26	r	15.4803419
25	26	s	11.4407473
25	26	SIL	0.409067005
25	26	t	1.15597606
25	26	th	3.87850308
25	26	uw	13.290123
25	26	v	10.2844467
25	26	w	14.0289869
25	26	z	9.30947685
26	27	ah	20.5544472
26	27	ao	20.0812416
26	27	ax	18.9761047
26	27	ay	19.4542503
26	27	eh	20.1111259
26	27	ey	10.4821472
26	27	f	15.8359652
26	27	ih	16.7384262
26	27	iy	16.9906845
26	27	k	11.5522566
26	27	n	9.89676189
26	27	ow	10.3536835
26	27	r	14.5985584
26	27	s	12.8423033
26	27	SIL	0.0929059982
26	27	t	2.45156789
26	27	th	6.02867794
26	27	uw	14.9335508
26	27	v	11.7300959
26	27	w	13.3498621
26	27	z	10.8070288
27	28	ah	20.7405396
27	28	ao	18.5112286
27	28	ax	17.9683247
27	28	ay	19.1260529
27	28	eh	15.4611378
27	28	ey	10.9329576
27	28	f	14.8965664
27	28	ih	16.1510181
27	28	iy	14.3518276
27	28	k	10.8266726
27	28	n	10.9584246
27	28	ow	10.2207079
27	28	r	12.8424301
27	28	s	11.625659
27	28	SIL	0.0859249979
27	28	t	2.76122808
27	28	th	3.9722929
27	28	uw	12.1292896
27	28	v	12.8146534
27	28	w	14.5120077
27	28	z	8.62211895
28	29	ah	17.555481
28	29	ao	16.1695938
28	29	ax	14.7693281
28	29	ay	16.7490711
28	29	eh	14.1627712
28	29	ey	12.4675217
28	29	f	12.551096
28	29	ih	15.9826822
28	29	iy	13.3374081
28	29	k	9.52676582
28	29	n	10.1574583
28	29	ow	9.25834084
28	29	r	14.6539221
28	29	s	10.6089382
28	29	SIL	0.832998991
28	29	t	0.610753
28	29	th	3.87759399
28	29	uw	11.2492161
28	29	v	10.7449856
28	29	w	12.8012972
28	29	z	6.61915016
29	30	ah	11.5050278
29	30	ao	11.0453959
29	30	ax	11.0088558
29	30	ay	13.445488
29	30	eh	14.183917
29	30	ey	8.58543682
29	30	f	11.3083277
29	30	ih	15.4680319
29	30	iy	10.9298601
29	30	k	8.22585964
29	30	n	10.4661999
29	30	ow	6.79418612
29	30	r	12.5788927
29	30	s	9.56425571
29	30	SIL	1.47569096
29	30	t	0.350291014
29	30	th	2.74133801
29	30	uw	11.3273449
29	30	v	12.532196
29	30	w	9.32903481
29	30	z	7.49524784
30	31	ah	11.7307463
30	31	ao	8.21688271
30	31	ax	10.8694096
30	31	ay	12.1566181
30	31	eh	10.8061619
30	31	ey	5.95308113
30	31	f	11.3805742
30	31	ih	13.4063463
30	31	iy	10.0045824
30	31	k	8.82850075
30	31	n	13.5020561
30	31	ow	7.17252922
30	31	r	10.4717741
30	31	s	8.09810638
30	31	SIL	4.39958477
30	31	t	0.0814749971
30	31	th	2.79742289
30	31	uw	9.30362892
30	31	v	10.6173954
30	31	w	10.1382341
30	31	z	7.39664602
31	32	ah	9.90835762
31	32	ao	9.96360683
31	32	ax	13.2017012
31	32	ay	11.2523041
31	32	eh	11.2252855
31	32	ey	4.50586224
31	32	f	12.8823729
31	32	ih	14.1148949
31	32	iy	10.2295761
31	32	k	11.0367861
31	32	n	11.8829412
31	32	ow	7.97561312
31	32	r	9.04585361
31	32	s	9.30284882
31	32	SIL	5.55815411
31	32	t	0.0366480015
31	32	th	3.91186905
31	32	uw	10.7593803
31	32	v	9.4683609
31	32	w	11.5828276
31	32	z	8.36318398
32	33	ah	9.2397089
32	33	ao	12.8945141
32	33	ax	15.2870674
32	33	ay	9.37654686
32	33	eh	12.2198858
32	33	ey	3.51402307
32	33	f	14.1463003
32	33	ih	14.3417168
32	33	iy	8.62189674
32	33	k	15.1045017
32	33	n	8.97469521
32	33	ow	9.99141598
32	33	r	9.12963676
32	33	s	7.43650293
32	33	SIL	6.09819508
32	33	t	0.0367450006
32	33	th	6.71412277
32	33	uw	10.6698656
32	33	v	7.16591311
32	33	w	12.6804714
32	33	z	7.1297431
33	34	ah	8.70602036
33	34	ao	10.442275
33	34	ax	13.3101892
33	34	ay	8.55373096
33	34	eh	8.87228394
33	34	ey	4.08396006
33	34	f	12.5462427
33	34	ih	10.1351395
33	34	iy	9.06500053
33	34	k	13.455924
33	34	n	7.15128279
33	34	ow	8.18533611
33	34	r	7.88340807
33	34	s	4.08431482
33	34	SIL	5.46577406
33	34	t	0.0511430018
33	34	th	6.00805807
33	34	uw	6.66537905
33	34	v	5.96523523
33	34	w	9.60732746
33	34	z	5.66736078
34	35	ah	13.1000919
34	35	ao	12.6061401
34	35	ax	10.633564
34	35	ay	12.3146696
34	35	eh	8.71048737
34	35	ey	3.91381192
34	35	f	13.9410496
34	35	ih	8.26583767
34	35	iy	9.29588604
34	35	k	12.9750938
34	35	n	10.1964273
34	35	ow	9.00677776
34	35	r	6.720963
34	35	s	9.44987392
34	35	SIL	6.01775885
34	35	t	0.190951005
34	35	th	7.9424839
34	35	uw	1.90566802
34	35	v	8.42912674
34	35	w	12.1307859
34	35	z	8.94312191
35	36	ah	16.1588459
35	36	ao	15.8077602
35	36	ax	8.7831707
35	36	ay	12.2245855
35	36	eh	9.25971031
35	36	ey	4.96149206
35	36	f	14.2205706
35	36	ih	7.03013706
35	36	iy	6.98900509
35	36	k	15.2574825
35	36	n	11.0026054
35	36	ow	8.59864902
35	36	r	7.82139683
35	36	s	13.578619
35	36	SIL	8.43826866
35	36	t	4.18257093
35	36	th	11.7996244
35	36	uw	0.0255849995
35	36	v	11.204814
35	36	w	16.0655975
35	36	z	9.25209522
36	37	ah	17.5777512
36	37	ao	18.2562733
36	37	ax	9.86530876
36	37	ay	12.5096731
36	37	eh	11.2310829
36	37	ey	7.17785215
36	37	f	16.0296879
36	37	ih	8.46674824
36	37	iy	8.46829224
36	37	k	16.2779522
36	37	n	9.70582867
36	37	ow	8.90083218
36	37	r	9.56630325
36	37	s	15.2321787
36	37	SIL	10.3449383
36	37	t	7.40314722
36	37	th	13.8997726
36	37	uw	0.00217400002
36	37	v	12.2734566
36	37	w	18.887001
36	37	z	12.4286346
37	38	ah	16.1764908
37	38	ao	17.6631908
37	38	ax	9.77062702
37	38	ay	12.7400503
37	38	eh	12.1117897
37	38	ey	8.43466759
37	38	f	15.6361084
37	38	ih	8.84122467
37	38	iy	8.00600433
37	38	k	17.2714272
37	38	n	8.09403896
37	38	ow	7.6569519
37	38	r	9.43224621
37	38	s	15.0248737
37	38	SIL	10.1746798
37	38	t	8.45044613
37	38	th	14.2713394
37	38	uw	0.00187699997
37	38	v	12.8097754
37	38	w	18.1229534
37	38	z	14.1307344
38	39	ah	15.3765459
38	39	ao	17.1621933
38	39	ax	9.96757507
38	39	ay	13.7551756
38	39	eh	15.0672531
38	39	ey	11.1920938
38	39	f	14.8870354
38	39	ih	11.3354692
38	39	iy	7.86178923
38	39	k	17.6947231
38	39	n	8.11321735
38	39	ow	7.25638008
38	39	r	6.87898588
38	39	s	15.5049143
38	39	SIL	9.85057354
38	39	t	9.63153744
38	39	th	15.3028793
38	39	uw	0.00262099993
38	39	v	12.4028826
38	39	w	15.2595558
38	39	z	14.9295015
39	40	ah	14.2957935
39	40	ao	15.6663485
39	40	ax	9.32992268
39	40	ay	12.6282587
39	40	eh	15.4030046
39	40	ey	12.140749
39	40	f	13.6296501
39	40	ih	11.6492338
39	40	iy	8.63160801
39	40	k	18.1776352
39	40	n	7.402421
39	40	ow	7.19208193
39	40	r	6.55257893
39	40	s	14.795207
39	40	SIL	10.0985556
39	40	t	9.44004154
39	40	th	14.4929523
39	40	uw	0.00321
39	40	v	11.8593311
39	40	w	13.7208633
39	40	z	14.8731394
40	41	ah	14.6439056
40	41	ao	14.2034359
40	41	ax	8.82949448
40	41	ay	13.0355053
40	41	eh	14.650569
40	41	ey	12.4557638
40	41	f	12.8924656
40	41	ih	11.1746807
40	41	iy	9.03232574
40	41	k	17.7145252
40	41	n	7.14351702
40	41	ow	6.21613407
40	41	r	5.93402386
40	41	s	14.0709581
40	41	SIL	9.8793869
40	41	t	8.54258156
40	41	th	13.5253477
40	41	uw	0.00600899989
40	41	v	11.0592594
40	41	w	13.1222715
40	41	z	14.6521826
41	42	ah	15.9213057
41	42	ao	16.0610771
41	42	ax	9.47276974
41	42	ay	15.7597828
41	42	eh	16.6488285
41	42	ey	13.1081867
41	42	f	14.4361
41	42	ih	11.1799488
41	42	iy	10.5469732
41	42	k	18.8697205
41	42	n	7.98845291
41	42	ow	5.9667511
41	42	r	6.82300282
41	42	s	15.2348967
41	42	SIL	10.8750887
41	42	t	9.27075768
41	42	th	15.2837801
41	42	uw	0.00424099993
41	42	v	11.949234
41	42	w	13.524909
41	42	z	16.3262691
42	43	ah	14.3219414
42	43	ao	16.4766998
42	43	ax	8.05727959
42	43	ay	15.5601902
42	43	eh	16.5530243
42	43	ey	13.5343513
42	43	f	14.499835
42	43	ih	11.2384539
42	43	iy	10.6229458
42	43	k	19.6209621
42	43	n	6.10363293
42	43	ow	6.2049408
42	43	r	7.60148478
42	43	s	15.3139324
42	43	SIL	10.3510332
42	43	t	9.49861908
42	43	th	15.4945402
42	43	uw	0.00526600005
42	43	v	10.6818314
42	43	w	11.406208
42	43	z	15.6442223
43	44	ah	12.1835909
43	44	ao	15.5226612
43	44	ax	6.13704777
43	44	ay	14.7756147
43	44	eh	14.9693213
43	44	ey	13.0900984
43	44	f	13.2440786
43	44	ih	11.4038649
43	44	iy	8.80504704
43	44	k	19.4734898
43	44	n	3.9194231
43	44	ow	6.27085686
43	44	r	7.16265488
43	44	s	13.8890905
43	44	SIL	8.94568253
43	44	t	9.88636971
43	44	th	13.9669991
43	44	uw	0.0257179998
43	44	v	8.15172386
43	44	w	9.62261581
43	44	z	13.2003965
44	45	ah	12.6503029
44	45	ao	15.1648779
44	45	ax	7.5064168
44	45	ay	13.7472916
44	45	eh	17.6710587
44	45	ey	13.1612873
44	45	f	12.8812513
44	45	ih	13.6595173
44	45	iy	7.46014214
44	45	k	21.9452839
44	45	n	4.27424192
44	45	ow	5.70292091
44	45	r	7.27977419
44	45	s	14.6136522
44	45	SIL	7.80880499
44	45	t	11.3195934
44	45	th	14.703125
44	45	uw	0.0198849998
44	45	v	8.85318947
44	45	w	10.0792065
44	45	z	13.6256819
45	46	ah	13.8522654
45	46	ao	13.7411737
45	46	ax	9.53954697
45	46	ay	12.5767813
45	46	eh	18.968998
45	46	ey	13.3436136
45	46	f	12.3282537
45	46	ih	14.1477222
45	46	iy	5.37727785
45	46	k	23.7076511
45	46	n	5.91407108
45	46	ow	4.0818181
45	46	r	6.81137085
45	46	s	13.9563227
45	46	SIL	6.15202093
45	46	t	11.3044891
45	46	th	15.2071924
45	46	uw	0.0281530004
45	46	v	8.43712044
45	46	w	10.961956
45	46	z	14.3038244
46	47	ah	13.3055801
46	47	ao	13.4703913
46	47	ax	8.87281418
46	47	ay	11.7547665
46	47	eh	19.4195919
46	47	ey	12.6606483
46	47	f	12.5332556
46	47	ih	13.0554409
46	47	iy	4.80866814
46	47	k	21.5223007
46	47	n	5.17078018
46	47	ow	3.24160194
46	47	r	7.12594223
46	47	s	14.7658377
46	47	SIL	4.67112398
46	47	t	11.287899
46	47	th	14.0258017
46	47	uw	0.0654930025
46	47	v	9.13467312
46	47	w	11.8239412
46	47	z	15.6200361
47	48	ah	13.1977148
47	48	ao	15.3859062
47	48	ax	8.11108398
47	48	ay	11.5634909
47	48	eh	21.0294914
47	48	ey	14.0130062
47	48	f	13.4429617
47	48	ih	13.5912561
47	48	iy	7.54348516
47	48	k	20.4675884
47	48	n	4.47839022
47	48	ow	4.77804804
47	48	r	8.63085461
47	48	s	16.0999565
47	48	SIL	4.56615877
47	48	t	10.3168373
47	48	th	12.3850584
47	48	uw	0.0318539999
47	48	v	8.96515179
47	48	w	13.8487873
47	48	z	16.528223
48	49	ah	12.6900768
48	49	ao	14.6316977
48	49	ax	8.37766266
48	49	ay	13.4313993
48	49	eh	22.0495777
48	49	ey	15.036046
48	49	f	13.9059086
48	49	ih	12.579771
48	49	iy	9.90555573
48	49	k	16.9194298
48	49	n	5.24356699
48	49	ow	3.64101696
48	49	r	7.61622381
48	49	s	16.0823154
48	49	SIL	3.511832
48	49	t	9.63818169
48	49	th	10.5847902
48	49	uw	0.0642890036
48	49	v	10.038332
48	49	w	14.9602032
48	49	z	17.1804638
49	50	ah	11.9143934
49	50	ao	12.6426687
49	50	ax	9.44566536
49	50	ay	12.2881126
49	50	eh	21.3358002
49	50	ey	13.5731583
49	50	f	12.9619722
49	50	ih	12.8771868
49	50	iy	10.7304459
49	50	k	13.3235893
49	50	n	4.77856207
49	50	ow	3.61596799
49	50	r	6.43572092
49	50	s	14.5312443
49	50	SIL	0.115883
49	50	t	7.38772583
49	50	th	7.52117586
49	50	uw	2.64229894
49	50	v	10.2337799
49	50	w	14.2599277
49	50	z	15.141118
50	51	ah	10.7163811
50	51	ao	13.606163
50	51	ax	10.2309895
50	51	ay	10.5487785
50	51	eh	22.1552238
50	51	ey	13.1785717
50	51	f	12.8911276
50	51	ih	13.2979746
50	51	iy	11.5666113
50	51	k	11.6193733
50	51	n	4.78432703
50	51	ow	5.94615316
50	51	r	8.50189686
50	51	s	14.2225266
50	51	SIL	0.0331129991
50	51	t	5.71144819
50	51	th	6.93200922
50	51	uw	4.07757092
50	51	v	10.0097723
50	51	w	12.6419277
50	51	z	15.3549299
51	52	ah	13.0883026
51	52	ao	15.1922617
51	52	ax	12.1527071
51	52	ay	8.6171627
51	52	eh	19.9609356
51	52	ey	13.5235186
51	52	f	10.2602253
51	52	ih	11.6993761
51	52	iy	11.0851774
51	52	k	10.6667528
51	52	n	4.30399513
51	52	ow	6.26090479
51	52	r	11.6355877
51	52	s	12.2339611
51	52	SIL	0.0286880005
51	52	t	6.34159088
51	52	th	8.10353279
51	52	uw	4.58091402
51	52	v	8.25192642
51	52	w	16.6300106
51	52	z	14.0387449
52	53	ah	14.5133839
52	53	ao	16.5207863
52	53	ax	12.8747911
52	53	ay	8.59877777
52	53	eh	18.4814777
52	53	ey	14.8800163
52	53	f	8.12272358
52	53	ih	13.9412718
52	53	iy	10.3624887
52	53	k	10.4723339
52	53	n	4.27776289
52	53	ow	7.20746183
52	53	r	13.3119583
52	53	s	10.5023527
52	53	SIL	0.0215670001
52	53	t	7.36687708
52	53	th	8.94016743
52	53	uw	5.73697901
52	53	v	6.13868618
52	53	w	18.4064293
52	53	z	13.302062
53	54	ah	14.7860479
53	54	ao	17.3239174
53	54	ax	12.6898727
53	54	ay	9.28063869
53	54	eh	17.8511524
53	54	ey	16.3231506
53	54	f	8.54314327
53	54	ih	15.2835732
53	54	iy	10.2216845
53	54	k	10.6717176
53	54	n	4.08060789
53	54	ow	8.38133144
53	54	r	13.7074432
53	54	s	10.2525711
53	54	SIL	0.0210490003
53	54	t	7.88899994
53	54	th	9.3076458
53	54	uw	7.14584684
53	54	v	6.18497992
53	54	w	19.0692806
53	54	z	13.9441319
54	55	ah	15.1082382
54	55	ao	17.4037933
54	55	ax	13.8235569
54	55	ay	10.117959
54	55	eh	17.8395061
54	55	ey	17.5864353
54	55	f	8.65982437
54	55	ih	15.6244736
54	55	iy	11.4547043
54	55	k	10.115612
54	55	n	5.59536123
54	55	ow	10.6313829
54	55	r	13.1732454
54	55	s	10.1169014
54	55	SIL	0.00645999983
54	55	t	7.55791378
54	55	th	8.63322353
54	55	uw	9.97576141
54	55	v	6.41051197
54	55	w	19.2808399
54	55	z	14.8200932
55	56	ah	16.9091206
55	56	ao	17.9787083
55	56	ax	16.060461
55	56	ay	11.1398697
55	56	eh	18.3998356
55	56	ey	19.0512428
55	56	f	9.48043346
55	56	ih	15.6203451
55	56	iy	13.9011307
55	56	k	10.1749496
55	56	n	8.20689869
55	56	ow	12.5955915
55	56	r	12.9939547
55	56	s	10.3161278
55	56	SIL	0.00195499999
55	56	t	7.88483715
55	56	th	8.65646839
55	56	uw	13.0642214
55	56	v	6.95014715
55	56	w	20.0985088
55	56	z	16.2955132
56	57	ah	17.3147163
56	57	ao	17.1370621
56	57	ax	16.6463165
56	57	ay	10.5779772
56	57	eh	18.7052326
56	57	ey	17.7041531
56	57	f	8.81914711
56	57	ih	14.568264
56	57	iy	13.5287848
56	57	k	9.87168884
56	57	n	8.30498028
56	57	ow	13.2253551
56	57	r	12.4455776
56	57	s	9.91970825
56	57	SIL	0.002141
56	57	t	7.82381201
56	57	th	8.73533058
56	57	uw	14.4382772
56	57	v	6.86093998
56	57	w	20.3710632
56	57	z	16.6318092
57	58	ah	17.9566727
57	58	ao	17.3856125
57	58	ax	16.0978546
57	58	ay	11.5076313
57	58	eh	19.4956779
57	58	ey	17.2323627
57	58	f	9.50965977
57	58	ih	14.433629
57	58	iy	13.272542
57	58	k	9.87615395
57	58	n	7.942945
57	58	ow	13.4419718
57	58	r	13.0071602
57	58	s	10.4939947
57	58	SIL	0.00211400003
57	58	t	6.89423513
57	58	th	9.02341461
57	58	uw	13.9052076
57	58	v	7.70126581
57	58	w	21.4745255
57	58	z	17.1558971
58	59	ah	18.7228832
58	59	ao	17.9906635
58	59	ax	16.4298668
58	59	ay	12.329793
58	59	eh	20.1884193
58	59	ey	17.6065063
58	59	f	10.2820549
58	59	ih	14.0580425
58	59	iy	13.3082085
58	59	k	9.57628918
58	59	n	8.4128828
58	59	ow	13.2856884
58	59	r	13.0453959
58	59	s	10.6799231
58	59	SIL	0.001513
58	59	t	7.08726978
58	59	th	9.35875416
58	59	uw	13.6578341
58	59	v	8.37861633
58	59	w	22.7135639
58	59	z	17.2278099
59	60	ah	18.8805313
59	60	ao	18.1388741
59	60	ax	16.9649315
59	60	ay	11.9696388
59	60	eh	20.9305515
59	60	ey	16.6388817
59	60	f	9.49882317
59	60	ih	13.6952724
59	60	iy	13.4157686
59	60	k	9.58653736
59	60	n	8.20526981
59	60	ow	13.0481739
59	60	r	13.3783112
59	60	s	10.3196411
59	60	SIL	0.00178499997
59	60	t	6.89959717
59	60	th	9.35956383
59	60	uw	13.6331778
59	60	v	8.39825439
59	60	w	23.628294
59	60	z	16.6618786
60	61	ah	18.5786438
60	61	ao	17.2536736
60	61	ax	17.0476475
60	61	ay	11.2843027
60	61	eh	20.7795219
60	61	ey	15.979907
60	61	f	8.20236969
60	61	ih	13.5261936
60	61	iy	13.7690611
60	61	k	9.85055733
60	61	n	8.23513317
60	61	ow	12.8345547
60	61	r	12.8022003
60	61	s	9.47251415
60	61	SIL	0.00205200003
60	61	t	7.17386818
60	61	th	8.79201889
60	61	uw	13.5919132
60	61	v	7.726367
60	61	w	23.131237
60	61	z	15.3328371
61	62	ah	18.0769463
61	62	ao	15.9323606
61	62	ax	17.0121174
61	62	ay	11.0787458
61	62	eh	21.0454865
61	62	ey	15.5357218
61	62	f	7.47533083
61	62	ih	13.2617121
61	62	iy	14.4114676
61	62	k	9.83857155
61	62	n	8.44767284
61	62	ow	13.3240004
61	62	r	12.4620762
61	62	s	8.74485016
61	62	SIL	0.00263700006
61	62	t	7.05377388
61	62	th	8.53533459
61	62	uw	13.2507677
61	62	v	7.50016499
61	62	w	21.9207382
61	62	z	14.6082478
62	63	ah	18.9750309
62	63	ao	15.6935501
62	63	ax	17.4618244
62	63	ay	10.6746368
62	63	eh	21.0348759
62	63	ey	15.4764862
62	63	f	7.96701002
62	63	ih	13.5621529
62	63	iy	14.0282583
62	63	k	10.3680973
62	63	n	8.64724255
62	63	ow	13.0387983
62	63	r	12.3813066
62	63	s	8.94805813
62	63	SIL	0.00222899998
62	63	t	7.02312183
62	63	th	8.66188431
62	63	uw	12.9740438
62	63	v	7.71897221
62	63	w	22.2395611
62	63	z	14.4455099
63	64	ah	19.8237534
63	64	ao	15.7477264
63	64	ax	17.6656227
63	64	ay	11.1834793
63	64	eh	21.1157627
63	64	ey	15.8650484
63	64	f	8.50455666
63	64	ih	13.8183765
63	64	iy	14.1512146
63	64	k	10.8507948
63	64	n	8.86551189
63	64	ow	13.0452356
63	64	r	12.997138
63	64	s	9.36489773
63	64	SIL	0.00153799995
63	64	t	7.30738401
63	64	th	8.82984447
63	64	uw	12.581707
63	64	v	8.30488014
63	64	w	23.0326881
63	64	z	14.7496586
64	65	ah	19.7418251
64	65	ao	15.9393549
64	65	ax	17.6650238
64	65	ay	11.2443399
64	65	eh	21.4559765
64	65	ey	15.9839182
64	65	f	7.97590494
64	65	ih	14.1588554
64	65	iy	14.4020596
64	65	k	11.1349525
64	65	n	8.68513298
64	65	ow	13.2056541
64	65	r	13.5747919
64	65	s	9.41508007
64	65	SIL	0.00156700006
64	65	t	7.44905519
64	65	th	9.3096962
64	65	uw	12.6721401
64	65	v	8.24201679
64	65	w	23.4834118
64	65	z	14.9593363
65	66	ah	19.0811768
65	66	ao	16.2284508
65	66	ax	16.8993568
65	66	ay	11.6657343
65	66	eh	20.9015388
65	66	ey	16.1795597
65	66	f	7.81009388
65	66	ih	14.3162336
65	66	iy	14.7598038
65	66	k	10.940218
65	66	n	8.56962776
65	66	ow	13.5175943
65	66	r	13.9332504
65	66	s	9.47038078
65	66	SIL	0.002354
65	66	t	6.87717104
65	66	th	8.94658947
65	66	uw	12.5907221
65	66	v	7.63405895
65	66	w	22.9784603
65	66	z	14.7089138
66	67	ah	19.5729694
66	67	ao	16.6394024
66	67	ax	17.6122551
66	67	ay	11.8826656
66	67	eh	20.9556599
66	67	ey	16.4362202
66	67	f	8.09536171
66	67	ih	14.3866034
66	67	iy	14.6244745
66	67	k	11.0385256
66	67	n	9.02642822
66	67	ow	13.832181
66	67	r	14.0453939
66	67	s	9.64498997
66	67	SIL	0.00191500003
66	67	t	7.13445902
66	67	th	9.27248955
66	67	uw	13.4616594
66	67	v	7.59183502
66	67	w	23.0539284
66	67	z	14.4585266
67	68	ah	20.5295773
67	68	ao	16.7921562
67	68	ax	18.5545864
67	68	ay	11.8122969
67	68	eh	21.6242676
67	68	ey	16.7353382
67	68	f	8.70855522
67	68	ih	14.6894093
67	68	iy	14.4006472
67	68	k	11.7603455
67	68	n	9.67890453
67	68	ow	13.7080259
67	68	r	14.0258799
67	68	s	9.75011253
67	68	SIL	0.000967000029
67	68	t	8.09861565
67	68	th	9.79401493
67	68	uw	14.0741816
67	68	v	8.10684776
67	68	w	23.3678341
67	68	z	14.4455252
68	
