0	1	ah	19.8989182
0	1	ao	15.7909088
0	1	ax	17.8396816
0	1	ay	11.5396566
0	1	eh	21.3705463
0	1	ey	16.6536026
0	1	f	8.57675171
0	1	ih	14.1395416
0	1	iy	14.2458372
0	1	k	10.8735657
0	1	n	9.00777245
0	1	ow	13.3940496
0	1	r	13.2732744
0	1	s	9.2291069
0	1	SIL	0.00127000001
0	1	t	7.79390478
0	1	th	8.41971588
0	1	uw	12.7253914
0	1	v	8.56337929
0	1	w	23.0549622
0	1	z	15.002326
1	2	ah	19.8283005
1	2	ao	15.5273132
1	2	ax	17.8348961
1	2	ay	11.6688509
1	2	eh	21.3880978
1	2	ey	16.6384869
1	2	f	8.84522247
1	2	ih	14.046011
1	2	iy	14.3722963
1	2	k	10.9611034
1	2	n	8.78166294
1	2	ow	13.5717716
1	2	r	13.2096443
1	2	s	9.48288727
1	2	SIL	0.00119500002
1	2	t	7.92009115
1	2	th	8.20488834
1	2	uw	12.9112225
1	2	v	8.80201435
1	2	w	22.7065945
1	2	z	14.9777231
2	3	ah	19.9626522
2	3	ao	15.5164633
2	3	ax	18.0940113
2	3	ay	12.4582682
2	3	eh	20.4380245
2	3	ey	17.4524918
2	3	f	8.83343506
2	3	ih	13.7243986
2	3	iy	15.1705608
2	3	k	10.7563934
2	3	n	9.14406967
2	3	ow	14.2489157
2	3	r	13.6008949
2	3	s	9.45898724
2	3	SIL	0.001544
2	3	t	8.29062653
2	3	th	7.07308483
2	3	uw	13.294425
2	3	v	9.39627838
2	3	w	22.056572
2	3	z	14.3050318
3	4	ah	19.2646637
3	4	ao	16.1026115
3	4	ax	17.5757809
3	4	ay	12.8461561
3	4	eh	18.9892845
3	4	ey	18.4592171
3	4	f	8.90917778
3	4	ih	13.9439096
3	4	iy	15.8402853
3	4	k	10.3851347
3	4	n	9.20586109
3	4	ow	14.2477112
3	4	r	14.2082949
3	4	s	9.36804104
3	4	SIL	0.00277999998
3	4	t	8.07270336
3	4	th	6.22930384
3	4	uw	13.1276445
3	4	v	8.92085648
3	4	w	21.0190773
3	4	z	13.5120134
4	5	ah	18.9679451
4	5	ao	16.5423317
4	5	ax	17.1682091
4	5	ay	12.7662783
4	5	eh	18.9027195
4	5	ey	18.3590508
4	5	f	8.78899479
4	5	ih	14.0786896
4	5	iy	15.849885
4	5	k	10.8190498
4	5	n	8.99824429
4	5	ow	14.0646982
4	5	r	14.4336309
4	5	s	9.41516304
4	5	SIL	0.00211100001
4	5	t	8.32698154
4	5	th	6.82301998
4	5	uw	13.7296228
4	5	v	7.84094906
4	5	w	21.311985
4	5	z	13.4933729
5	6	ah	18.927496
5	6	ao	15.9040737
5	6	ax	17.2128696
5	6	ay	11.4904852
5	6	eh	19.8845634
5	6	ey	17.3384171
5	6	f	8.06759834
5	6	ih	14.2055473
5	6	iy	15.1596622
5	6	k	11.2945585
5	6	n	8.77060413
5	6	ow	13.3200703
5	6	r	13.9227047
5	6	s	9.41366673
5	6	SIL	0.0020930001
5	6	t	8.02846241
5	6	th	7.66891193
5	6	uw	13.3748598
5	6	v	7.23835611
5	6	w	21.6098709
5	6	z	14.002655
6	7	ah	18.3499985
6	7	ao	15.2024078
6	7	ax	17.0264797
6	7	ay	10.4381609
6	7	eh	20.3999615
6	7	ey	16.6492615
6	7	f	7.9091568
6	7	ih	13.9532557
6	7	iy	14.5658169
6	7	k	11.2070417
6	7	n	8.34036636
6	7	ow	12.7920027
6	7	r	13.840292
6	7	s	9.20032978
6	7	SIL	0.00194999995
6	7	t	8.00259113
6	7	th	8.11432362
6	7	uw	12.278162
6	7	v	7.49897099
6	7	w	20.8923244
6	7	z	14.3608303
7	8	ah	19.1483746
7	8	ao	15.7928123
7	8	ax	18.111599
7	8	ay	10.6472607
7	8	eh	21.0939445
7	8	ey	17.0321655
7	8	f	8.68362617
7	8	ih	14.503746
7	8	iy	14.78724
7	8	k	11.7425528
7	8	n	9.15259266
7	8	ow	13.5370798
7	8	r	14.6043205
7	8	s	9.34438515
7	8	SIL	0.00101100001
7	8	t	8.45366764
7	8	th	8.99928093
7	8	uw	13.0497856
7	8	v	8.204319
7	8	w	21.0965309
7	8	z	14.6276293
8	9	ah	19.3644371
8	9	ao	16.258709
8	9	ax	18.6107578
8	9	ay	10.9313297
8	9	eh	20.0520058
8	9	ey	17.5793571
8	9	f	8.75415325
8	9	ih	14.610219
8	9	iy	14.7763138
8	9	k	11.7999334
8	9	n	9.59994316
8	9	ow	13.7712326
8	9	r	14.705533
8	9	s	9.22712231
8	9	SIL	0.000922999985
8	9	t	8.72566891
8	9	th	8.57769585
8	9	uw	13.6298599
8	9	v	8.4318409
8	9	w	20.6150703
8	9	z	13.8851051
9	10	ah	19.2160091
9	10	ao	15.6978054
9	10	ax	17.5565681
9	10	ay	12.3197479
9	10	eh	18.3435612
9	10	ey	18.1321449
9	10	f	8.44869423
9	10	ih	14.4199162
9	10	iy	15.5777779
9	10	k	11.7493868
9	10	n	9.6615591
9	10	ow	13.2311268
9	10	r	14.3344078
9	10	s	9.35581112
9	10	SIL	0.00143499998
9	10	t	8.41644955
9	10	th	7.36102915
9	10	uw	13.0370197
9	10	v	8.57203007
9	10	w	19.5711231
9	10	z	12.1106052
10	11	ah	19.5950985
10	11	ao	15.9031687
10	11	ax	16.0071545
10	11	ay	14.3419762
10	11	eh	16.5269203
10	11	ey	19.7295132
10	11	f	7.27412319
10	11	ih	13.6041107
10	11	iy	18.2347145
10	11	k	11.2968178
10	11	n	9.68692112
10	11	ow	13.5085135
10	11	r	14.823329
10	11	s	8.81155872
10	11	SIL	0.00454699993
10	11	t	7.51512718
10	11	th	6.33015394
10	11	uw	14.1459808
10	11	v	6.67199278
10	11	w	19.6525745
10	11	z	10.6820459
11	12	ah	19.1600685
11	12	ao	15.9070911
11	12	ax	15.1119194
11	12	ay	14.0685015
11	12	eh	16.1977768
11	12	ey	18.3416119
11	12	f	7.0877099
11	12	ih	12.0001812
11	12	iy	18.1712189
11	12	k	10.4785566
11	12	n	8.72920132
11	12	ow	13.7425032
11	12	r	14.5182762
11	12	s	8.98974037
11	12	SIL	0.00678100018
11	12	t	7.18052387
11	12	th	6.02379513
11	12	uw	14.7777357
11	12	v	6.03024101
11	12	w	19.6568317
11	12	z	11.3457613
12	13	ah	17.7332706
12	13	ao	15.406538
12	13	ax	12.5131598
12	13	ay	13.0167427
12	13	eh	16.9250584
12	13	ey	15.574049
12	13	f	7.39835405
12	13	ih	9.49112225
12	13	iy	16.3096981
12	13	k	8.9936676
12	13	n	7.81331396
12	13	ow	13.3964472
12	13	r	13.9516563
12	13	s	9.53809166
12	13	SIL	0.00572100002
12	13	t	6.64892721
12	13	th	6.60308409
12	13	uw	13.9360199
12	13	v	6.34680414
12	13	w	19.0968838
12	13	z	12.7940569
13	14	ah	17.6478214
13	14	ao	13.9773321
13	14	ax	12.819787
13	14	ay	11.2848387
13	14	eh	17.5959435
13	14	ey	14.3735666
13	14	f	7.15074921
13	14	ih	9.45989799
13	14	iy	15.1951284
13	14	k	8.15162754
13	14	n	8.0737009
13	14	ow	11.4097681
13	14	r	12.7813721
13	14	s	9.43650818
13	14	SIL	0.00750100007
13	14	t	5.76198006
13	14	th	7.79980278
13	14	uw	12.2205019
13	14	v	6.05833721
13	14	w	18.9646721
13	14	z	12.9220972
14	15	ah	17.4436722
14	15	ao	14.6412373
14	15	ax	14.7418108
14	15	ay	11.1115789
14	15	eh	17.7950935
14	15	ey	14.6556873
14	15	f	8.31626511
14	15	ih	11.4835644
14	15	iy	12.9918909
14	15	k	9.61523533
14	15	n	6.58245897
14	15	ow	10.5435467
14	15	r	11.978425
14	15	s	9.95680141
14	15	SIL	0.00343900011
14	15	t	7.68618393
14	15	th	9.39362907
14	15	uw	11.3671265
14	15	v	6.8373251
14	15	w	18.4618549
14	15	z	13.4304752
15	16	ah	17.0461388
15	16	ao	14.6237879
15	16	ax	15.6487398
15	16	ay	10.6831179
15	16	eh	17.5517006
15	16	ey	15.2316599
15	16	f	7.95473814
15	16	ih	11.1213608
15	16	iy	11.305501
15	16	k	9.71502209
15	16	n	6.2939229
15	16	ow	9.38175964
15	16	r	11.4420538
15	16	s	9.82748032
15	16	SIL	0.0032279999
15	16	t	8.44748592
15	16	th	9.08951569
15	16	uw	10.0166683
15	16	v	7.84747887
15	16	w	19.2033463
15	16	z	13.825613
16	17	ah	15.2886839
16	17	ao	12.3821707
16	17	ax	14.0171509
16	17	ay	8.94815731
16	17	eh	14.9088736
16	17	ey	14.8538351
16	17	f	6.74799824
16	17	ih	9.41449833
16	17	iy	12.1815805
16	17	k	7.77447701
16	17	n	5.25472498
16	17	ow	8.90170097
16	17	r	11.4078522
16	17	s	8.00520611
16	17	SIL	0.0117619997
16	17	t	7.12588787
16	17	th	7.12822008
16	17	uw	8.56952286
16	17	v	6.04351187
16	17	w	16.6835327
16	17	z	12.4036169
17	18	ah	15.0158329
17	18	ao	13.224061
17	18	ax	13.5603085
17	18	ay	10.4951963
17	18	eh	15.279563
17	18	ey	16.2471523
17	18	f	6.81848288
17	18	ih	9.89734745
17	18	iy	15.2154541
17	18	k	7.41292381
17	18	n	6.17649508
17	18	ow	10.5807953
17	18	r	13.2684984
17	18	s	7.74116707
17	18	SIL	0.0095180003
17	18	t	6.6713028
17	18	th	7.71432304
17	18	uw	10.0547943
17	18	v	5.68508005
17	18	w	16.3202953
17	18	z	13.2095871
18	19	ah	15.4586592
18	19	ao	13.9671173
18	19	ax	11.935729
18	19	ay	13.5395803
18	19	eh	16.0548935
18	19	ey	16.0509148
18	19	f	7.59984303
18	19	ih	9.52371216
18	19	iy	15.8070459
18	19	k	7.38172722
18	19	n	6.78027201
18	19	ow	11.1554022
18	19	r	12.1788359
18	19	s	9.52121162
18	19	SIL	0.0132010002
18	19	t	5.02400112
18	19	th	8.0869751
18	19	uw	10.7988052
18	19	v	5.57991982
18	19	w	17.1037464
18	19	z	13.6050692
19	20	ah	14.8177872
19	20	ao	13.716445
19	20	ax	10.989749
19	20	ay	12.5338964
19	20	eh	15.6259708
19	20	ey	15.2429647
19	20	f	6.89359283
19	20	ih	8.9818449
19	20	iy	14.9389029
19	20	k	6.16716099
19	20	n	7.27635813
19	20	ow	11.6649132
19	20	r	10.7508402
19	20	s	9.56892395
19	20	SIL	0.0403509997
19	20	t	3.76247501
19	20	th	7.47131109
19	20	uw	11.6863327
19	20	v	4.44902706
19	20	w	14.7669439
19	20	z	13.0313339
20	21	ah	15.1998501
20	21	ao	13.6789436
20	21	ax	12.3282537
20	21	ay	12.9496231
20	21	eh	18.6228924
20	21	ey	15.9421043
20	21	f	8.55039406
20	21	ih	9.30859947
20	21	iy	14.3770571
20	21	k	6.282372
20	21	n	9.03952408
20	21	ow	11.1979303
20	21	r	10.4469347
20	21	s	11.2783031
20	21	SIL	0.00695900014
20	21	t	5.53891277
20	21	th	9.22856712
20	21	uw	11.2951374
20	21	v	7.49310684
20	21	w	15.4746675
20	21	z	14.4028025
21	22	ah	13.5685463
21	22	ao	11.5291071
21	22	ax	12.8344851
21	22	ay	11.0676346
21	22	eh	15.9847708
21	22	ey	14.7016706
21	22	f	9.77052879
21	22	ih	10.8658552
21	22	iy	11.8090267
21	22	k	8.39242744
21	22	n	7.92667723
21	22	ow	8.83944607
21	22	r	9.51415539
21	22	s	10.7235842
21	22	SIL	0.0022450001
21	22	t	7.37997198
21	22	th	10.7147427
21	22	uw	11.1518803
21	22	v	7.35567284
21	22	w	15.2763758
21	22	z	13.7210827
22	23	ah	12.2267179
22	23	ao	11.6090784
22	23	ax	11.2475567
22	23	ay	10.2096014
22	23	eh	15.4560337
22	23	ey	14.3499289
22	23	f	9.79719925
22	23	ih	10.641408
22	23	iy	10.0641909
22	23	k	9.40559769
22	23	n	7.47689199
22	23	ow	7.03325987
22	23	r	7.78478289
22	23	s	10.9347343
22	23	SIL	0.00456199981
22	23	t	7.3354888
22	23	th	10.199749
22	23	uw	10.0693474
22	23	v	6.39748096
22	23	w	15.1994495
22	23	z	12.7096863
23	24	ah	13.6199274
23	24	ao	14.0881319
23	24	ax	13.0625658
23	24	ay	11.4469995
23	24	eh	19.2939873
23	24	ey	16.0172157
23	24	f	10.0359917
23	24	ih	12.437233
23	24	iy	12.9888496
23	24	k	10.388936
23	24	n	7.64662123
23	24	ow	9.70309544
23	24	r	11.2901487
23	24	s	11.1698093
23	24	SIL	0.001926
23	24	t	8.56535244
23	24	th	11.0283594
23	24	uw	10.2748127
23	24	v	6.88655281
23	24	w	16.2775249
23	24	z	15.8544664
24	25	ah	14.529067
24	25	ao	13.0366459
24	25	ax	12.8592501
24	25	ay	11.7021589
24	25	eh	19.6158543
24	25	ey	13.9289675
24	25	f	8.29515934
24	25	ih	12.0772285
24	25	iy	13.4963779
24	25	k	9.56140327
24	25	n	7.11785078
24	25	ow	8.0054884
24	25	r	10.9798546
24	25	s	10.2875404
24	25	SIL	0.0050110002
24	25	t	8.03367424
24	25	th	10.6085463
24	25	uw	9.04585171
24	25	v	5.81097698
24	25	w	17.4510689
24	25	z	16.6605167
25	26	ah	15.5959864
25	26	ao	13.5594311
25	26	ax	12.7902508
25	26	ay	11.7246218
25	26	eh	21.2135277
25	26	ey	15.2217817
25	26	f	7.96957779
25	26	ih	13.3180523
25	26	iy	13.6140194
25	26	k	9.96819401
25	26	n	7.1895628
25	26	ow	9.0675354
25	26	r	10.9578304
25	26	s	11.2709045
25	26	SIL	0.00461900001
25	26	t	8.83428669
25	26	th	12.6351223
25	26	uw	8.70635605
25	26	v	5.81375694
25	26	w	18.949295
25	26	z	17.5102406
26	27	ah	15.6139259
26	27	ao	13.2203293
26	27	ax	12.8018522
26	27	ay	11.5454988
26	27	eh	19.9930992
26	27	ey	16.0737247
26	27	f	8.67225075
26	27	ih	13.0794134
26	27	iy	14.1104069
26	27	k	10.0421782
26	27	n	9.06332874
26	27	ow	9.26460075
26	27	r	10.6157694
26	27	s	10.8485937
26	27	SIL	0.00454400014
26	27	t	8.4177866
26	27	th	12.8345604
26	27	uw	8.26518345
26	27	v	5.63625479
26	27	w	19.8770313
26	27	z	15.5999346
27	28	ah	14.7897511
27	28	ao	14.0182114
27	28	ax	12.0173454
27	28	ay	11.4313059
27	28	eh	19.2998981
27	28	ey	16.8214684
27	28	f	8.61964417
27	28	ih	12.9268923
27	28	iy	15.725647
27	28	k	8.25951385
27	28	n	9.29970169
27	28	ow	10.1102638
27	28	r	11.5139456
27	28	s	10.4112272
27	28	SIL	0.00813100021
27	28	t	7.3304019
27	28	th	10.4047794
27	28	uw	9.29714966
27	28	v	5.00749779
27	28	w	19.9259815
27	28	z	14.395752
28	29	ah	14.5994463
28	29	ao	13.9419975
28	29	ax	12.4470806
28	29	ay	10.9746714
28	29	eh	18.5649109
28	29	ey	16.6722126
28	29	f	8.29017544
28	29	ih	13.1907663
28	29	iy	15.6449499
28	29	k	8.05668068
28	29	n	8.92454815
28	29	ow	8.95360279
28	29	r	10.42659
28	29	s	10.3178902
28	29	SIL	0.00503099989
28	29	t	8.1722517
28	29	th	9.06563473
28	29	uw	10.1213474
28	29	v	5.60988092
28	29	w	18.8872967
28	29	z	13.5902328
29	30	ah	15.0303469
29	30	ao	14.5535002
29	30	ax	13.4249716
29	30	ay	9.48564339
29	30	eh	19.0513191
29	30	ey	16.6360321
29	30	f	7.26044512
29	30	ih	14.1340466
29	30	iy	14.7591152
29	30	k	9.64034843
29	30	n	8.50443172
29	30	ow	7.96545792
29	30	r	9.95441246
29	30	s	9.48581028
29	30	SIL	0.0056739999
29	30	t	9.06549168
29	30	th	8.31046295
29	30	uw	10.2098713
29	30	v	5.58958197
29	30	w	18.585186
29	30	z	13.0063248
30	31	ah	15.4781895
30	31	ao	14.2252274
30	31	ax	13.1943607
30	31	ay	9.72712421
30	31	eh	19.1319447
30	31	ey	17.5272446
30	31	f	6.41854095
30	31	ih	13.4889469
30	31	iy	14.0724344
30	31	k	8.51693153
30	31	n	7.74088192
30	31	ow	9.25719833
30	31	r	9.48366356
30	31	s	8.57229614
30	31	SIL	0.007125
30	31	t	7.73580408
30	31	th	6.97566795
30	31	uw	8.40563488
30	31	v	5.87434006
30	31	w	17.9338055
30	31	z	12.6550388
31	32	ah	17.3042278
31	32	ao	14.8682871
31	32	ax	14.8700552
31	32	ay	9.91252995
31	32	eh	18.4644089
31	32	ey	17.7760601
31	32	f	6.51488018
31	32	ih	12.6431427
31	32	iy	15.4454174
31	32	k	8.4655571
31	32	n	8.43602943
31	32	ow	10.8175917
31	32	r	10.5527439
31	32	s	7.58747101
31	32	SIL	0.00724900002
31	32	t	7.47052383
31	32	th	6.05048513
31	32	uw	9.08808327
31	32	v	6.398489
31	32	w	17.0582905
31	32	z	12.546361
32	33	ah	19.2737694
32	33	ao	18.0931911
32	33	ax	15.6366282
32	33	ay	12.4434481
32	33	eh	17.1679649
32	33	ey	16.2320709
32	33	f	9.02367592
32	33	ih	10.280674
32	33	iy	16.2906551
32	33	k	7.92848682
32	33	n	9.37442017
32	33	ow	11.0114365
32	33	r	11.6718006
32	33	s	7.915308
32	33	SIL	0.0104569998
32	33	t	5.85803318
32	33	th	5.20042181
32	33	uw	9.69151115
32	33	v	6.93576622
32	33	w	17.0526657
32	33	z	12.7022285
33	34	ah	20.827879
33	34	ao	19.7312107
33	34	ax	18.2836933
33	34	ay	13.7684097
33	34	eh	16.9791012
33	34	ey	15.9150639
33	34	f	9.39483261
33	34	ih	10.3361206
33	34	iy	16.510231
33	34	k	7.92234516
33	34	n	10.9359751
33	34	ow	12.9080944
33	34	r	13.0558996
33	34	s	8.43003464
33	34	SIL	0.0191040002
33	34	t	4.87108898
33	34	th	4.58016586
33	34	uw	11.9712086
33	34	v	8.2049408
33	34	w	18.5570107
33	34	z	12.2690592
34	35	ah	20.4313412
34	35	ao	19.0906773
34	35	ax	19.4020004
34	35	ay	13.8950043
34	35	eh	15.6360722
34	35	ey	14.6396322
34	35	f	7.56131697
34	35	ih	11.559988
34	35	iy	16.8669815
34	35	k	8.92559433
34	35	n	11.3171387
34	35	ow	12.7916298
34	35	r	13.5931511
34	35	s	8.67401791
34	35	SIL	0.03376
34	35	t	4.46030521
34	35	th	3.88699198
34	35	uw	12.3877316
34	35	v	8.22211838
34	35	w	18.1636219
34	35	z	11.8968306
35	36	ah	19.0060711
35	36	ao	17.9743633
35	36	ax	18.38834
35	36	ay	13.4575882
35	36	eh	14.3116264
35	36	ey	13.6383181
35	36	f	7.169559
35	36	ih	13.7437038
35	36	iy	16.300499
35	36	k	11.1005087
35	36	n	9.83581734
35	36	ow	12.8673811
35	36	r	14.3295746
35	36	s	9.74030685
35	36	SIL	0.0299820006
35	36	t	4.31874418
35	36	th	4.19437504
35	36	uw	12.4985447
35	36	v	8.43507099
35	36	w	16.5570126
35	36	z	11.167614
36	37	ah	18.5111294
36	37	ao	16.9898682
36	37	ax	17.2078056
36	37	ay	12.9947424
36	37	eh	13.1958361
36	37	ey	13.18431
36	37	f	7.63843918
36	37	ih	13.8694506
36	37	iy	15.0751667
36	37	k	10.5754271
36	37	n	8.24153233
36	37	ow	12.0088081
36	37	r	13.9881506
36	37	s	9.15427017
36	37	SIL	0.0455560014
36	37	t	3.98100901
36	37	th	3.70077395
36	37	uw	11.8095169
36	37	v	8.57501984
36	37	w	14.6331291
36	37	z	9.4955883
37	38	ah	20.5965557
37	38	ao	18.4374886
37	38	ax	17.6468315
37	38	ay	14.9026499
37	38	eh	15.8295593
37	38	ey	14.844595
37	38	f	9.49350071
37	38	ih	16.7549992
37	38	iy	13.9633274
37	38	k	11.7756138
37	38	n	9.6505127
37	38	ow	12.042367
37	38	r	12.8183317
37	38	s	10.9700499
37	38	SIL	0.159849003
37	38	t	4.62597609
37	38	th	1.98565102
37	38	uw	12.1698704
37	38	v	9.16033459
37	38	w	16.6341419
37	38	z	7.93792391
38	39	ah	21.4436874
38	39	ao	19.1068783
38	39	ax	19.0464973
38	39	ay	15.5528679
38	39	eh	18.2719269
38	39	ey	16.2326641
38	39	f	9.96412659
38	39	ih	19.4617271
38	39	iy	13.5459557
38	39	k	12.9556561
38	39	n	10.9640751
38	39	ow	12.3946867
38	39	r	13.6729164
38	39	s	11.7937002
38	39	SIL	0.138540998
38	39	t	5.22977114
38	39	th	2.09281611
38	39	uw	13.5781116
38	39	v	10.1301079
38	39	w	17.4947147
38	39	z	7.49539995
39	40	ah	20.1200275
39	40	ao	16.7756996
39	40	ax	19.3674278
39	40	ay	15.5674639
39	40	eh	18.7193413
39	40	ey	16.6854839
39	40	f	10.6054983
39	40	ih	20.2579517
39	40	iy	13.5633965
39	40	k	12.4090195
39	40	n	9.39924717
39	40	ow	13.6330566
39	40	r	13.3749123
39	40	s	13.5566788
39	40	SIL	0.0595050007
39	40	t	6.08763599
39	40	th	2.90773106
39	40	uw	14.8480539
39	40	v	10.7866392
39	40	w	14.9138184
39	40	z	7.18145084
40	41	ah	19.3637638
40	41	ao	15.530117
40	41	ax	19.0109234
40	41	ay	17.0932236
40	41	eh	18.3148155
40	41	ey	16.9669895
40	41	f	10.499198
40	41	ih	19.5199203
40	41	iy	13.7652187
40	41	k	12.5450363
40	41	n	8.09591293
40	41	ow	14.2141056
40	41	r	12.3413191
40	41	s	14.321105
40	41	SIL	0.146653995
40	41	t	6.35491419
40	41	th	2.02360201
40	41	uw	15.1626387
40	41	v	10.2666397
40	41	w	13.831008
40	41	z	6.16025877
41	42	ah	17.6291733
41	42	ao	13.7521
41	42	ax	15.8783855
41	42	ay	17.0853367
41	42	eh	16.255043
41	42	ey	16.4850979
41	42	f	9.93736839
41	42	ih	16.8885975
41	42	iy	13.4865417
41	42	k	12.2253256
41	42	n	7.22412205
41	42	ow	14.3859529
41	42	r	12.7503767
41	42	s	14.8125687
41	42	SIL	0.45678401
41	42	t	4.50041294
41	42	th	1.03935003
41	42	uw	14.3230152
41	42	v	9.11354542
41	42	w	11.6426811
41	42	z	6.92200279
42	43	ah	16.1725178
42	43	ao	14.5612202
42	43	ax	16.3686085
42	43	ay	16.427887
42	43	eh	15.9792662
42	43	ey	16.0886841
42	43	f	9.56717491
42	43	ih	17.1118679
42	43	iy	11.9816866
42	43	k	11.17484
42	43	n	7.44179916
42	43	ow	14.2409887
42	43	r	12.9466925
42	43	s	14.2309971
42	43	SIL	2.35629606
42	43	t	4.75403881
42	43	th	0.111584999
42	43	uw	13.8627834
42	43	v	10.8094444
42	43	w	10.4496346
42	43	z	6.52538395
43	44	ah	15.6762667
43	44	ao	13.8139133
43	44	ax	13.988369
43	44	ay	15.5280809
43	44	eh	15.3243876
43	44	ey	16.3612385
43	44	f	8.73111725
43	44	ih	17.3110237
43	44	iy	11.7072697
43	44	k	8.98344898
43	44	n	10.2115631
43	44	ow	15.3171329
43	44	r	13.7949696
43	44	s	11.7077856
43	44	SIL	4.94997311
43	44	t	5.35163307
43	44	th	0.0131559996
43	44	uw	14.8664827
43	44	v	11.2737722
43	44	w	12.5876455
43	44	z	7.02902222
44	45	ah	13.5444002
44	45	ao	8.77558422
44	45	ax	16.0305996
44	45	ay	14.2631683
44	45	eh	15.7313318
44	45	ey	14.3455801
44	45	f	9.24701405
44	45	ih	18.3316212
44	45	iy	11.579812
44	45	k	11.0570526
44	45	n	13.4646578
44	45	ow	13.0523453
44	45	r	11.0517797
44	45	s	11.5295029
44	45	SIL	6.98407793
44	45	t	6.81860113
44	45	th	0.00245700008
44	45	uw	13.8627834
44	45	v	13.2096691
44	45	w	10.7857285
44	45	z	9.17826843
45	46	ah	13.1070375
45	46	ao	7.83299398
45	46	ax	17.3048744
45	46	ay	14.3609095
45	46	eh	15.6721478
45	46	ey	16.4681358
45	46	f	11.4550743
45	46	ih	14.6605339
45	46	iy	10.8904133
45	46	k	11.1189585
45	46	n	13.5597181
45	46	ow	12.1139002
45	46	r	7.26245403
45	46	s	13.2804546
45	46	SIL	10.6492825
45	46	t	11.5696926
45	46	th	0.00119400001
45	46	uw	13.8437433
45	46	v	18.0005074
45	46	w	15.5058432
45	46	z	12.0842752
46	47	ah	13.0867224
46	47	ao	8.04778194
46	47	ax	19.8106804
46	47	ay	13.366066
46	47	eh	15.639039
46	47	ey	15.5585566
46	47	f	10.3634882
46	47	ih	10.3129358
46	47	iy	9.62961578
46	47	k	5.8154521
46	47	n	14.8371458
46	47	ow	14.3515072
46	47	r	6.13287687
46	47	s	12.010478
46	47	SIL	9.61537361
46	47	t	9.13545036
46	47	th	0.00582299987
46	47	uw	13.1010351
46	47	v	14.4407406
46	47	w	13.4039364
46	47	z	11.1435413
47	48	ah	11.4613752
47	48	ao	7.00898218
47	48	ax	16.2846336
47	48	ay	9.2099123
47	48	eh	10.7763872
47	48	ey	14.2063208
47	48	f	9.70114803
47	48	ih	6.4983182
47	48	iy	7.12958813
47	48	k	6.36220598
47	48	n	11.9124022
47	48	ow	13.2256126
47	48	r	1.86865795
47	48	s	10.788312
47	48	SIL	8.5436821
47	48	t	6.05195999
47	48	th	0.176934004
47	48	uw	9.44305325
47	48	v	11.1610317
47	48	w	11.1208096
47	48	z	10.8604975
48	49	ah	11.6653252
48	49	ao	7.65102386
48	49	ax	14.1716814
48	49	ay	11.0779896
48	49	eh	13.1122322
48	49	ey	11.5926943
48	49	f	10.0429544
48	49	ih	7.89724112
48	49	iy	7.90166616
48	49	k	7.2514782
48	49	n	10.9266605
48	49	ow	12.4250441
48	49	r	0.39101699
48	49	s	12.8105249
48	49	SIL	7.16615915
48	49	t	6.63928986
48	49	th	1.14212596
48	49	uw	8.04814816
48	49	v	10.343585
48	49	w	10.7011232
48	49	z	11.9897718
49	50	ah	13.0339069
49	50	ao	7.97807312
49	50	ax	12.8923893
49	50	ay	11.9996634
49	50	eh	17.0222416
49	50	ey	12.4323997
49	50	f	9.73463631
49	50	ih	9.55400085
49	50	iy	8.98330498
49	50	k	10.1096821
49	50	n	12.1495981
49	50	ow	11.9734106
49	50	r	0.0151840001
49	50	s	16.3345547
49	50	SIL	8.83552933
49	50	t	11.3763695
49	50	th	4.27400494
49	50	uw	8.15569973
49	50	v	10.6640558
49	50	w	11.5820179
49	50	z	13.6290359
50	51	ah	18.5296268
50	51	ao	9.39891624
50	51	ax	14.8989239
50	51	ay	16.6154499
50	51	eh	22.6801682
50	51	ey	13.5202827
50	51	f	13.5656137
50	51	ih	13.7645359
50	51	iy	15.335721
50	51	k	11.8651991
50	51	n	14.6967525
50	51	ow	13.571044
50	51	r	0.000190999999
50	51	s	20.9789371
50	51	SIL	14.3000126
50	51	t	17.5983315
50	51	th	9.84348202
50	51	uw	10.1001682
50	51	v	15.2798367
50	51	w	16.289505
50	51	z	20.6456566
51	52	ah	19.4737816
51	52	ao	9.84973145
51	52	ax	13.4376326
51	52	ay	16.2860546
51	52	eh	17.9609432
51	52	ey	12.9175529
51	52	f	13.353569
51	52	ih	13.1876202
51	52	iy	14.1631794
51	52	k	11.9217625
51	52	n	14.2129116
51	52	ow	12.7832375
51	52	r	0.000178000002
51	52	s	16.739996
51	52	SIL	12.4425097
51	52	t	16.1809387
51	52	th	10.3253527
51	52	uw	9.63632202
51	52	v	12.21873
51	52	w	17.8362198
51	52	z	15.8401308
52	53	ah	18.5214157
52	53	ao	10.0272951
52	53	ax	12.7767696
52	53	ay	13.4807997
52	53	eh	14.4329205
52	53	ey	11.2261724
52	53	f	12.5859318
52	53	ih	13.6127882
52	53	iy	11.3017492
52	53	k	12.0402489
52	53	n	13.636694
52	53	ow	10.4916763
52	53	r	0.000303999986
52	53	s	14.5912571
52	53	SIL	11.0527773
52	53	t	15.8744106
52	53	th	12.487689
52	53	uw	9.30532455
52	53	v	9.45733547
52	53	w	16.5068474
52	53	z	14.0802937
53	54	ah	17.8984547
53	54	ao	10.3155756
53	54	ax	14.5930166
53	54	ay	12.2692308
53	54	eh	15.1602812
53	54	ey	10.8885517
53	54	f	13.9634314
53	54	ih	14.6515703
53	54	iy	9.8219738
53	54	k	12.1670866
53	54	n	13.6487389
53	54	ow	10.8978148
53	54	r	0.000201000003
53	54	s	15.1998968
53	54	SIL	12.1912203
53	54	t	17.3647423
53	54	th	14.7226086
53	54	uw	10.082756
53	54	v	11.0357504
53	54	w	15.8319101
53	54	z	15.567852
54	55	ah	16.0616264
54	55	ao	10.3620272
54	55	ax	14.3532524
54	55	ay	11.1660175
54	55	eh	15.1986179
54	55	ey	10.2949104
54	55	f	13.8861923
54	55	ih	13.895339
54	55	iy	8.58277035
54	55	k	11.5869455
54	55	n	12.8427353
54	55	ow	11.5065718
54	55	r	0.000358999998
54	55	s	15.5209179
54	55	SIL	12.1134777
54	55	t	15.743125
54	55	th	15.4103966
54	55	uw	10.0815353
54	55	v	10.9046669
54	55	w	14.1664562
54	55	z	15.9835558
55	56	ah	14.8712025
55	56	ao	11.1495562
55	56	ax	13.3217154
55	56	ay	10.7572517
55	56	eh	15.2533789
55	56	ey	9.58458614
55	56	f	13.3037558
55	56	ih	12.5070887
55	56	iy	6.46495199
55	56	k	10.8479738
55	56	n	11.1132383
55	56	ow	10.9217682
55	56	r	0.00177900004
55	56	s	15.2371416
55	56	SIL	12.299633
55	56	t	13.7069912
55	56	th	16.1646156
55	56	uw	10.2961102
55	56	v	11.0930319
55	56	w	13.5657053
55	56	z	17.0122375
56	57	ah	14.6270742
56	57	ao	12.825036
56	57	ax	13.4418869
56	57	ay	11.0375891
56	57	eh	16.6881886
56	57	ey	9.67552185
56	57	f	14.6752977
56	57	ih	11.919487
56	57	iy	4.09653997
56	57	k	11.5816908
56	57	n	10.619072
56	57	ow	11.3974018
56	57	r	0.0169370007
56	57	s	16.286377
56	57	SIL	13.3469019
56	57	t	13.7725716
56	57	th	17.4496059
56	57	uw	10.6195393
56	57	v	13.5260448
56	57	w	14.5809278
56	57	z	18.1536598
57	58	ah	13.7356043
57	58	ao	13.2616177
57	58	ax	12.8765583
57	58	ay	9.94386482
57	58	eh	14.9813929
57	58	ey	9.17445755
57	58	f	15.0610781
57	58	ih	10.2800875
57	58	iy	2.69932294
57	58	k	11.2828808
57	58	n	10.1993628
57	58	ow	10.42033
57	58	r	0.0699819997
57	58	s	15.0372658
57	58	SIL	12.7168131
57	58	t	13.3203821
57	58	th	17.202734
57	58	uw	9.73099613
57	58	v	12.9958057
57	58	w	14.504529
57	58	z	16.504034
58	59	ah	11.6766558
58	59	ao	13.9413919
58	59	ax	10.4619694
58	59	ay	8.00639439
58	59	eh	10.9575567
58	59	ey	8.19930458
58	59	f	13.8253345
58	59	ih	7.23555279
58	59	iy	0.988062024
58	59	k	10.5592604
58	59	n	7.39834499
58	59	ow	8.37608624
58	59	r	0.470930994
58	59	s	11.9138508
58	59	SIL	10.5304117
58	59	t	10.7149858
58	59	th	14.2621002
58	59	uw	7.0205102
58	59	v	9.4982338
58	59	w	13.0424538
58	59	z	13.5373993
59	60	ah	10.5881081
59	60	ao	15.1037369
59	60	ax	8.40622711
59	60	ay	7.80340719
59	60	eh	8.47610664
59	60	ey	7.78530598
59	60	f	14.2555494
59	60	ih	4.89962482
59	60	iy	0.190485999
59	60	k	11.3350763
59	60	n	5.16271782
59	60	ow	7.45640516
59	60	r	1.93697
59	60	s	10.8081236
59	60	SIL	9.6161747
59	60	t	9.64429855
59	60	th	13.2072411
59	60	uw	4.27849722
59	60	v	8.36604404
59	60	w	12.4014454
59	60	z	13.4555254
60	61	ah	11.0145531
60	61	ao	14.7931967
60	61	ax	8.27882671
60	61	ay	8.45540428
60	61	eh	9.51795864
60	61	ey	7.06967878
60	61	f	14.0600271
60	61	ih	4.06560898
60	61	iy	0.158583999
60	61	k	11.1892147
60	61	n	3.96141291
60	61	ow	6.96830606
60	61	r	2.64443302
60	61	s	11.4044428
60	61	SIL	8.52981472
60	61	t	10.0302153
60	61	th	13.1248369
60	61	uw	3.30738401
60	61	v	8.64153481
60	61	w	11.781106
60	61	z	14.0931005
61	62	ah	13.140439
61	62	ao	15.6466227
61	62	ax	9.93018436
61	62	ay	8.72349262
61	62	eh	11.669981
61	62	ey	5.94633913
61	62	f	15.1133413
61	62	ih	4.43608809
61	62	iy	0.139074996
61	62	k	10.9617662
61	62	n	4.17722988
61	62	ow	7.3462882
61	62	r	3.06177497
61	62	s	11.850564
61	62	SIL	8.0256443
61	62	t	10.1430187
61	62	th	13.2674866
61	62	uw	2.95902109
61	62	v	9.17160702
61	62	w	14.0302696
61	62	z	15.214263
62	63	ah	15.874342
62	63	ao	16.6000443
62	63	ax	13.610713
62	63	ay	9.02346802
62	63	eh	15.7815542
62	63	ey	5.66955185
62	63	f	15.6615171
62	63	ih	5.91488981
62	63	iy	0.0411119983
62	63	k	9.76120377
62	63	n	5.37547588
62	63	ow	9.72527218
62	63	r	4.19013882
62	63	s	12.0719013
62	63	SIL	6.35209894
62	63	t	9.97727966
62	63	th	12.4062004
62	63	uw	4.40026808
62	63	v	10.0470676
62	63	w	16.0512295
62	63	z	15.0157671
63	64	ah	15.0084562
63	64	ao	14.4041872
63	64	ax	12.8823328
63	64	ay	6.93562508
63	64	eh	16.4632912
63	64	ey	5.57621384
63	64	f	12.6938963
63	64	ih	6.89742184
63	64	iy	0.104189999
63	64	k	10.9250383
63	64	n	4.39615822
63	64	ow	8.65389729
63	64	r	3.99742603
63	64	s	10.9061394
63	64	SIL	3.50134301
63	64	t	9.03689957
63	64	th	11.2537127
63	64	uw	3.45230007
63	64	v	8.08632946
63	64	w	15.1507053
63	64	z	13.0402136
64	65	ah	15.0156803
64	65	ao	15.0860386
64	65	ax	14.2119818
64	65	ay	9.24301338
64	65	eh	14.2707834
64	65	ey	7.56364584
64	65	f	13.5569067
64	65	ih	7.50274801
64	65	iy	0.0203200001
64	65	k	11.3352604
64	65	n	7.476264
64	65	ow	10.991107
64	65	r	5.61487722
64	65	s	11.4172344
64	65	SIL	4.49611998
64	65	t	9.3095808
64	65	th	11.6453371
64	65	uw	5.69173908
64	65	v	9.5968399
64	65	w	15.2042475
64	65	z	13.3023663
65	66	ah	15.7845535
65	66	ao	17.3339748
65	66	ax	15.307456
65	66	ay	10.2951164
65	66	eh	13.7101536
65	66	ey	8.24980354
65	66	f	14.4610128
65	66	ih	7.96154404
65	66	iy	0.00850899983
65	66	k	10.4169273
65	66	n	8.67131615
65	66	ow	12.5603666
65	66	r	6.78253508
65	66	s	11.9408207
65	66	SIL	5.09225702
65	66	t	9.57752037
65	66	th	12.5411701
65	66	uw	8.30724525
65	66	v	10.9847603
65	66	w	14.9418764
65	66	z	13.6400242
66	67	ah	13.5992012
66	67	ao	16.7757339
66	67	ax	14.3047552
66	67	ay	4.62940884
66	67	eh	14.124711
66	67	ey	5.46644211
66	67	f	11.0358858
66	67	ih	6.68787003
66	67	iy	0.132125005
66	67	k	6.76017618
66	67	n	5.11890316
66	67	ow	10.0840063
66	67	r	6.27334309
66	67	s	10.8073759
66	67	SIL	2.33399606
66	67	t	6.80464983
66	67	th	10.2947378
66	67	uw	8.4104538
66	67	v	6.77930593
66	67	w	12.6473017
66	67	z	11.0949869
67	68	ah	13.0296888
67	68	ao	16.7925205
67	68	ax	12.7117214
67	68	ay	2.56408501
67	68	eh	14.5367708
67	68	ey	4.90699482
67	68	f	7.58155489
67	68	ih	6.90329409
67	68	iy	1.79370105
67	68	k	6.54249096
67	68	n	2.21475792
67	68	ow	8.62276936
67	68	r	7.46050692
67	68	s	9.3978281
67	68	SIL	0.525017977
67	68	t	4.70057821
67	68	th	8.1268549
67	68	uw	8.48922062
67	68	v	3.34944105
67	68	w	13.4400597
67	68	z	9.85966778
68	69	ah	13.571332
68	69	ao	17.0573864
68	69	ax	12.7939787
68	69	ay	3.65740609
68	69	eh	16.4626637
68	69	ey	6.75877523
68	69	f	7.62723684
68	69	ih	7.72957802
68	69	iy	3.86632204
68	69	k	6.65747118
68	69	n	1.64605701
68	69	ow	7.72491693
68	69	r	7.14240599
68	69	s	10.5426741
68	69	SIL	0.347447991
68	69	t	4.32847786
68	69	th	7.87206697
68	69	uw	8.10063076
68	69	v	3.33974195
68	69	w	14.0037584
68	69	z	11.1580153
69	70	ah	11.7387533
69	70	ao	17.3726959
69	70	ax	13.26968
69	70	ay	5.78918982
69	70	eh	17.1266441
69	70	ey	9.49656582
69	70	f	8.24532318
69	70	ih	9.44438076
69	70	iy	4.73158121
69	70	k	7.09777498
69	70	n	2.831779
69	70	ow	9.50316048
69	70	r	8.64506054
69	70	s	12.3870678
69	70	SIL	0.0874319971
69	70	t	4.88257408
69	70	th	8.28632259
69	70	uw	9.6821537
69	70	v	5.64690399
69	70	w	12.0091648
69	70	z	12.6370382
70	71	ah	10.4393415
70	71	ao	19.7680721
70	71	ax	13.5340748
70	71	ay	6.4425931
70	71	eh	15.8525009
70	71	ey	11.2043753
70	71	f	8.97472477
70	71	ih	11.5714531
70	71	iy	6.52987099
70	71	k	7.95050621
70	71	n	2.29889703
70	71	ow	9.89430428
70	71	r	12.3039141
70	71	s	12.8289061
70	71	SIL	0.119698003
70	71	t	4.88100386
70	71	th	10.5512447
70	71	uw	8.95245361
70	71	v	6.85924101
70	71	w	12.2261152
70	71	z	14.0001411
71	72	ah	10.0431242
71	72	ao	17.7723579
71	72	ax	12.851305
71	72	ay	5.88053799
71	72	eh	13.9171457
71	72	ey	13.3212576
71	72	f	8.59258747
71	72	ih	12.313858
71	72	iy	8.69540691
71	72	k	9.10572433
71	72	n	3.46690989
71	72	ow	9.51699066
71	72	r	12.2066298
71	72	s	12.4262009
71	72	SIL	0.0430179983
71	72	t	5.85936689
71	72	th	10.6130972
71	72	uw	9.67892075
71	72	v	5.39081621
71	72	w	13.6023254
71	72	z	14.867938
72	73	ah	12.004364
72	73	ao	15.4407711
72	73	ax	12.7812004
72	73	ay	6.9834199
72	73	eh	14.0701017
72	73	ey	13.2628002
72	73	f	8.54076481
72	73	ih	12.4691257
72	73	iy	10.2160149
72	73	k	10.0899992
72	73	n	5.14379311
72	73	ow	9.44044113
72	73	r	11.4756756
72	73	s	12.7807484
72	73	SIL	0.015044
72	73	t	6.7631259
72	73	th	11.6567764
72	73	uw	10.4147387
72	73	v	5.02173901
72	73	w	17.0937939
72	73	z	14.8875256
73	74	ah	11.5419102
73	74	ao	15.099268
73	74	ax	11.3931541
73	74	ay	7.09643507
73	74	eh	16.4613495
73	74	ey	14.0479288
73	74	f	7.96447802
73	74	ih	13.5715008
73	74	iy	11.0921965
73	74	k	10.9301863
73	74	n	4.85413694
73	74	ow	8.88167667
73	74	r	11.3303337
73	74	s	11.8965864
73	74	SIL	0.0433709994
73	74	t	7.33043909
73	74	th	11.5502605
73	74	uw	9.59808731
73	74	v	3.4257679
73	74	w	17.6490955
73	74	z	14.3592806
74	75	ah	13.5897827
74	75	ao	17.5493565
74	75	ax	11.4363766
74	75	ay	10.465971
74	75	eh	19.6369457
74	75	ey	16.7934113
74	75	f	8.12601852
74	75	ih	16.7186337
74	75	iy	15.6983452
74	75	k	11.5159254
74	75	n	6.77049589
74	75	ow	10.9117336
74	75	r	13.9552259
74	75	s	12.0049152
74	75	SIL	0.0999139994
74	75	t	6.62799597
74	75	th	11.3216276
74	75	uw	10.2757711
74	75	v	2.38383389
74	75	w	18.2088966
74	75	z	15.7843752
75	76	ah	13.9907961
75	76	ao	17.5201092
75	76	ax	11.1315174
75	76	ay	10.4233418
75	76	eh	19.3072376
75	76	ey	16.5861855
75	76	f	8.44542408
75	76	ih	15.5504541
75	76	iy	16.0514126
75	76	k	11.7779036
75	76	n	6.68423605
75	76	ow	11.6372051
75	76	r	13.4046478
75	76	s	11.7839766
75	76	SIL	0.123995997
75	76	t	6.36247921
75	76	th	10.6853151
75	76	uw	9.73497105
75	76	v	2.17795992
75	76	w	17.4098454
75	76	z	15.2824163
76	77	ah	15.5258493
76	77	ao	17.3226032
76	77	ax	12.4540014
76	77	ay	9.08417225
76	77	eh	19.8410072
76	77	ey	16.2033424
76	77	f	9.74545097
76	77	ih	15.0747528
76	77	iy	14.7778397
76	77	k	12.8540764
76	77	n	6.77040577
76	77	ow	12.258914
76	77	r	11.9024229
76	77	s	12.2699652
76	77	SIL	0.0308209993
76	77	t	7.69151211
76	77	th	11.318737
76	77	uw	11.2956867
76	77	v	3.55692101
76	77	w	18.4910412
76	77	z	15.3346386
77	78	ah	16.6227951
77	78	ao	16.4498463
77	78	ax	13.0070372
77	78	ay	9.19193172
77	78	eh	19.5482483
77	78	ey	15.7254753
77	78	f	9.95413589
77	78	ih	14.359293
77	78	iy	13.2393789
77	78	k	12.5472956
77	78	n	6.46977997
77	78	ow	11.3163424
77	78	r	11.119525
77	78	s	12.0326796
77	78	SIL	0.0132480003
77	78	t	7.56330013
77	78	th	10.8531647
77	78	uw	11.3462267
77	78	v	4.5217638
77	78	w	19.781641
77	78	z	14.9676905
78	79	ah	17.6051941
78	79	ao	16.8171597
78	79	ax	13.8417969
78	79	ay	10.1881933
78	79	eh	18.9194508
78	79	ey	15.8691072
78	79	f	9.41063023
78	79	ih	14.031827
78	79	iy	12.5810394
78	79	k	11.8343029
78	79	n	7.03314114
78	79	ow	11.6561728
78	79	r	11.6859093
78	79	s	11.4395161
78	79	SIL	0.00814700034
78	79	t	7.52462482
78	79	th	10.8972902
78	79	uw	11.1953325
78	79	v	5.03597403
78	79	w	21.4597454
78	79	z	15.2093287
79	80	ah	17.944561
79	80	ao	18.5391636
79	80	ax	15.3259678
79	80	ay	10.7202625
79	80	eh	18.5995598
79	80	ey	16.8427315
79	80	f	9.40814114
79	80	ih	15.1876926
79	80	iy	12.5054808
79	80	k	10.638958
79	80	n	7.63222313
79	80	ow	13.1313848
79	80	r	13.23034
79	80	s	11.6016874
79	80	SIL	0.00507399999
79	80	t	6.49415302
79	80	th	10.4946346
79	80	uw	12.010603
79	80	v	5.84809303
79	80	w	21.9270916
79	80	z	15.9733486
80	81	ah	16.8713646
80	81	ao	18.1086922
80	81	ax	15.1570091
80	81	ay	9.7818203
80	81	eh	17.9731903
80	81	ey	16.6440239
80	81	f	9.28280544
80	81	ih	14.94065
80	81	iy	12.0145369
80	81	k	9.87985611
80	81	n	7.38224506
80	81	ow	12.5286503
80	81	r	13.3249311
80	81	s	11.0567389
80	81	SIL	0.00540299993
80	81	t	5.95603609
80	81	th	9.439991
80	81	uw	12.406786
80	81	v	6.28514624
80	81	w	21.3816414
80	81	z	15.5570974
81	82	ah	16.2637787
81	82	ao	16.3772221
81	82	ax	14.4711914
81	82	ay	10.0641327
81	82	eh	17.8982468
81	82	ey	16.3090477
81	82	f	8.97833729
81	82	ih	14.1219893
81	82	iy	12.5385284
81	82	k	9.71683788
81	82	n	7.25215292
81	82	ow	12.2715626
81	82	r	12.3376198
81	82	s	10.8563986
81	82	SIL	0.00493799988
81	82	t	6.19837189
81	82	th	8.7529726
81	82	uw	11.8628092
81	82	v	6.34424496
81	82	w	20.5269108
81	82	z	15.4454145
82	83	ah	17.6839886
82	83	ao	15.8387947
82	83	ax	15.6843224
82	83	ay	10.7498398
82	83	eh	19.2890911
82	83	ey	16.6314144
82	83	f	8.46206188
82	83	ih	14.5556707
82	83	iy	13.0294437
82	83	k	10.0618029
82	83	n	7.95231581
82	83	ow	12.3184433
82	83	r	11.3414421
82	83	s	10.7212477
82	83	SIL	0.00346700009
82	83	t	6.66697121
82	83	th	9.1486578
82	83	uw	11.7231426
82	83	v	6.56761312
82	83	w	22.0848217
82	83	z	16.2815933
83	84	ah	18.5465202
83	84	ao	16.8841572
83	84	ax	15.6173048
83	84	ay	10.513483
83	84	eh	19.6363888
83	84	ey	16.6086884
83	84	f	8.02981281
83	84	ih	15.1880131
83	84	iy	13.2891731
83	84	k	10.8160114
83	84	n	7.37388182
83	84	ow	12.3567209
83	84	r	12.3833656
83	84	s	10.5836096
83	84	SIL	0.00407300005
83	84	t	6.78229094
83	84	th	9.40549755
83	84	uw	11.9860973
83	84	v	6.316329
83	84	w	23.5592613
83	84	z	16.7561817
84	85	ah	18.5954666
84	85	ao	17.4642868
84	85	ax	15.811039
84	85	ay	10.2547493
84	85	eh	19.4358654
84	85	ey	16.6346226
84	85	f	7.74957085
84	85	ih	15.5354033
84	85	iy	13.0639057
84	85	k	10.7094803
84	85	n	7.32203913
84	85	ow	12.5131693
84	85	r	13.1484509
84	85	s	10.0086899
84	85	SIL	0.00560399983
84	85	t	6.21884394
84	85	th	9.00387669
84	85	uw	12.2287912
84	85	v	6.08950806
84	85	w	23.5053158
84	85	z	16.4546337
85	86	ah	19.0563221
85	86	ao	17.0909615
85	86	ax	16.8428097
85	86	ay	9.27941036
85	86	eh	19.6126709
85	86	ey	16.2256603
85	86	f	7.53707314
85	86	ih	15.8750706
85	86	iy	12.2407084
85	86	k	11.0384855
85	86	n	7.91777897
85	86	ow	12.1071653
85	86	r	12.2868547
85	86	s	9.80356598
85	86	SIL	0.00514200004
85	86	t	6.5233922
85	86	th	9.04980278
85	86	uw	13.0071325
85	86	v	6.00616789
85	86	w	23.6855774
85	86	z	15.7543716
86	
