0	1	ah	18.5184822
0	1	ao	16.6445255
0	1	ax	16.4859371
0	1	ay	10.7979603
0	1	eh	18.6227856
0	1	ey	17.7980957
0	1	f	9.27207279
0	1	ih	13.7905312
0	1	iy	13.8961954
0	1	k	9.58696175
0	1	n	8.16871452
0	1	ow	13.1666145
0	1	r	12.9302645
0	1	s	9.95018768
0	1	SIL	0.00246699993
0	1	t	7.41992378
0	1	th	7.2498312
0	1	uw	12.7133532
0	1	v	7.36868191
0	1	w	21.9112492
0	1	z	15.5511074
1	2	ah	18.5653744
1	2	ao	17.1651611
1	2	ax	16.1904335
1	2	ay	11.1479874
1	2	eh	18.8130989
1	2	ey	18.3026028
1	2	f	9.2800436
1	2	ih	13.885251
1	2	iy	14.4553833
1	2	k	9.69215298
1	2	n	7.79352093
1	2	ow	13.345994
1	2	r	13.2070932
1	2	s	10.0601912
1	2	SIL	0.00290600001
1	2	t	7.40997696
1	2	th	6.94037819
1	2	uw	12.9147282
1	2	v	7.26922417
1	2	w	22.2925396
1	2	z	15.9008932
2	3	ah	18.6044559
2	3	ao	17.2340164
2	3	ax	16.1622276
2	3	ay	11.1589336
2	3	eh	18.7967491
2	3	ey	18.2275372
2	3	f	9.09638214
2	3	ih	13.8079081
2	3	iy	14.5804567
2	3	k	9.89364719
2	3	n	7.77718401
2	3	ow	13.1317797
2	3	r	12.9582329
2	3	s	10.0301466
2	3	SIL	0.00301100011
2	3	t	7.51301384
2	3	th	7.19119501
2	3	uw	13.078083
2	3	v	6.85051012
2	3	w	22.240799
2	3	z	15.6348763
3	4	ah	18.6304455
3	4	ao	16.5357819
3	4	ax	16.4488659
3	4	ay	10.5981293
3	4	eh	18.8498287
3	4	ey	17.7727299
3	4	f	8.23318195
3	4	ih	13.6525612
3	4	iy	14.5940704
3	4	k	9.92125893
3	4	n	7.96315622
3	4	ow	12.7346659
3	4	r	12.4672089
3	4	s	9.37675571
3	4	SIL	0.00372599997
3	4	t	7.42800808
3	4	th	7.69085121
3	4	uw	12.9345016
3	4	v	6.27449179
3	4	w	22.0492001
3	4	z	15.1912785
4	5	ah	19.2279854
4	5	ao	15.7249908
4	5	ax	17.1928158
4	5	ay	10.0896139
4	5	eh	20.0407982
4	5	ey	17.1526337
4	5	f	7.78205776
4	5	ih	14.0220022
4	5	iy	14.2962008
4	5	k	10.6774931
4	5	n	8.22800255
4	5	ow	12.8625917
4	5	r	12.5549374
4	5	s	9.26822853
4	5	SIL	0.00255899993
4	5	t	7.75817585
4	5	th	8.5549469
4	5	uw	13.1144638
4	5	v	6.82789516
4	5	w	22.4227829
4	5	z	15.2034817
5	6	ah	19.6280708
5	6	ao	15.3752861
5	6	ax	17.926384
5	6	ay	10.6937437
5	6	eh	20.7600822
5	6	ey	17.1462097
5	6	f	7.7475791
5	6	ih	14.2052374
5	6	iy	14.2000141
5	6	k	11.157423
5	6	n	8.95811653
5	6	ow	12.9104691
5	6	r	12.8132086
5	6	s	9.15300274
5	6	SIL	0.001559
5	6	t	8.27656746
5	6	th	9.55997467
5	6	uw	12.7973862
5	6	v	7.56070995
5	6	w	22.6906185
5	6	z	15.6690531
6	7	ah	19.1913738
6	7	ao	16.0120106
6	7	ax	17.6642761
6	7	ay	11.0727015
6	7	eh	19.5393791
6	7	ey	17.7309151
6	7	f	8.14448357
6	7	ih	14.0487309
6	7	iy	13.7240744
6	7	k	10.7852964
6	7	n	8.83623981
6	7	ow	13.5677538
6	7	r	13.2319546
6	7	s	9.19688511
6	7	SIL	0.00162400003
6	7	t	8.43268299
6	7	th	9.37908268
6	7	uw	13.4548817
6	7	v	7.20870399
6	7	w	22.1249866
6	7	z	15.8207674
7	8	ah	18.4134769
7	8	ao	16.0295315
7	8	ax	17.7605057
7	8	ay	10.7282314
7	8	eh	19.3226891
7	8	ey	17.6937599
7	8	f	7.99242115
7	8	ih	14.0062914
7	8	iy	13.5395441
7	8	k	10.2538128
7	8	n	9.01954174
7	8	ow	13.7773666
7	8	r	13.0481911
7	8	s	8.97622299
7	8	SIL	0.0020930001
7	8	t	7.84174299
7	8	th	9.10304546
7	8	uw	13.551712
7	8	v	6.97326088
7	8	w	21.2462158
7	8	z	15.427762
8	9	ah	18.1383572
8	9	ao	16.4098072
8	9	ax	17.4485779
8	9	ay	11.0390091
8	9	eh	19.5702133
8	9	ey	18.6334629
8	9	f	8.35558128
8	9	ih	14.296854
8	9	iy	13.9100008
8	9	k	10.3900967
8	9	n	8.81473255
8	9	ow	14.0805769
8	9	r	13.3756552
8	9	s	9.1362772
8	9	SIL	0.00150500005
8	9	t	8.34137726
8	9	th	9.37726212
8	9	uw	13.7109938
8	9	v	7.35790491
8	9	w	21.1873798
8	9	z	15.9572296
9	10	ah	18.3413143
9	10	ao	16.0723839
9	10	ax	17.2018948
9	10	ay	11.4189882
9	10	eh	20.7549095
9	10	ey	19.0990353
9	10	f	8.31139755
9	10	ih	14.4113111
9	10	iy	14.7467413
9	10	k	9.95785236
9	10	n	9.00091839
9	10	ow	13.8945732
9	10	r	13.7751923
9	10	s	8.93253326
9	10	SIL	0.00127999997
9	10	t	8.06555271
9	10	th	10.1275225
9	10	uw	12.7370071
9	10	v	7.92968416
9	10	w	21.9641113
9	10	z	16.726799
10	11	ah	18.8899097
10	11	ao	15.6919842
10	11	ax	17.8815041
10	11	ay	12.192853
10	11	eh	21.8640652
10	11	ey	19.3149624
10	11	f	9.00734615
10	11	ih	14.5063782
10	11	iy	14.6495113
10	11	k	9.79851818
10	11	n	10.0188704
10	11	ow	14.0594234
10	11	r	13.2967939
10	11	s	9.15461254
10	11	SIL	0.000775999972
10	11	t	8.10693932
10	11	th	10.4320955
10	11	uw	12.2743702
10	11	v	9.17704201
10	11	w	22.5917797
10	11	z	17.030798
11	12	ah	19.6057968
11	12	ao	15.9439859
11	12	ax	17.442482
11	12	ay	12.8581562
11	12	eh	22.0593472
11	12	ey	18.8812962
11	12	f	9.12327385
11	12	ih	13.9992418
11	12	iy	14.4459238
11	12	k	9.66265392
11	12	n	10.539299
11	12	ow	13.7642193
11	12	r	12.984314
11	12	s	9.49851322
11	12	SIL	0.000830999983
11	12	t	7.8180418
11	12	th	10.3367214
11	12	uw	12.0389442
11	12	v	9.12419701
11	12	w	23.8595486
11	12	z	16.9625969
12	13	ah	21.1191273
12	13	ao	16.0238762
12	13	ax	17.5732994
12	13	ay	13.4145603
12	13	eh	21.6252193
12	13	ey	18.5917549
12	13	f	8.19122124
12	13	ih	12.2529268
12	13	iy	15.0010357
12	13	k	9.02133465
12	13	n	10.7900209
12	13	ow	13.1942406
12	13	r	12.6751251
12	13	s	8.45228958
12	13	SIL	0.00130400003
12	13	t	7.94017601
12	13	th	8.90235043
12	13	uw	11.4051867
12	13	v	8.76717091
12	13	w	24.4060802
12	13	z	15.9842043
13	14	ah	21.4220161
13	14	ao	16.7414799
13	14	ax	17.7953529
13	14	ay	13.7826481
13	14	eh	20.2620926
13	14	ey	17.4182529
13	14	f	8.01820469
13	14	ih	10.1331873
13	14	iy	15.5593729
13	14	k	6.96381807
13	14	n	10.9878626
13	14	ow	12.194232
13	14	r	12.2640438
13	14	s	7.56194592
13	14	SIL	0.00429200009
13	14	t	6.94300985
13	14	th	6.68693018
13	14	uw	11.193574
13	14	v	8.54699707
13	14	w	22.3998051
13	14	z	14.7639761
14	15	ah	21.0182877
14	15	ao	16.9569836
14	15	ax	17.7292881
14	15	ay	12.5756388
14	15	eh	19.4260597
14	15	ey	17.2727718
14	15	f	7.05992508
14	15	ih	11.4082508
14	15	iy	16.0745182
14	15	k	7.92579508
14	15	n	10.0203686
14	15	ow	11.3353434
14	15	r	13.2660818
14	15	s	7.81975603
14	15	SIL	0.00436200015
14	15	t	7.11543083
14	15	th	6.7279768
14	15	uw	12.2608223
14	15	v	7.34988499
14	15	w	21.882618
14	15	z	14.1308498
15	16	ah	20.5909882
15	16	ao	15.7533092
15	16	ax	17.5330753
15	16	ay	12.0366144
15	16	eh	18.8518658
15	16	ey	17.6627598
15	16	f	6.57734823
15	16	ih	12.6371431
15	16	iy	16.5786991
15	16	k	8.93129444
15	16	n	9.38960457
15	16	ow	11.2613182
15	16	r	13.952177
15	16	s	8.39203262
15	16	SIL	0.00464899978
15	16	t	7.32111406
15	16	th	6.97228193
15	16	uw	12.6839409
15	16	v	6.74368906
15	16	w	20.5040016
15	16	z	13.902524
16	17	ah	19.0070515
16	17	ao	14.067976
16	17	ax	16.6260109
16	17	ay	10.7970867
16	17	eh	18.6342239
16	17	ey	14.5238152
16	17	f	4.77114391
16	17	ih	11.8695221
16	17	iy	14.5765018
16	17	k	7.60132313
16	17	n	8.17591667
16	17	ow	10.0803528
16	17	r	13.2868137
16	17	s	7.13121223
16	17	SIL	0.0163930003
16	17	t	6.04625607
16	17	th	7.02946281
16	17	uw	11.0924435
16	17	v	5.85544491
16	17	w	19.673357
16	17	z	12.7305756
17	18	ah	19.1481762
17	18	ao	14.0879021
17	18	ax	16.4647942
17	18	ay	10.2155495
17	18	eh	18.6726933
17	18	ey	14.7814121
17	18	f	4.72869015
17	18	ih	12.4406681
17	18	iy	14.5528431
17	18	k	9.27037239
17	18	n	8.54553795
17	18	ow	10.556839
17	18	r	13.0709
17	18	s	8.00155258
17	18	SIL	0.01303
17	18	t	6.78354692
17	18	th	8.15720463
17	18	uw	11.2654285
17	18	v	6.22407103
17	18	w	20.9857998
17	18	z	14.5183153
18	19	ah	18.6808357
18	19	ao	15.8300648
18	19	ax	18.9350147
18	19	ay	9.80906391
18	19	eh	18.2800102
18	19	ey	14.8098631
18	19	f	5.4638629
18	19	ih	15.062726
18	19	iy	13.1169443
18	19	k	11.1733322
18	19	n	8.29155254
18	19	ow	10.9926138
18	19	r	13.3355427
18	19	s	9.12617874
18	19	SIL	0.00607800018
18	19	t	7.06593323
18	19	th	8.38288212
18	19	uw	11.1240807
18	19	v	8.19916344
18	19	w	20.1144371
18	19	z	15.1651258
19	20	ah	18.3777676
19	20	ao	16.3754177
19	20	ax	19.6639595
19	20	ay	8.99208069
19	20	eh	17.4694653
19	20	ey	13.9725943
19	20	f	6.40503311
19	20	ih	14.5090742
19	20	iy	13.2108288
19	20	k	10.6435785
19	20	n	7.96442509
19	20	ow	10.2339592
19	20	r	13.826416
19	20	s	9.10918236
19	20	SIL	0.00441299984
19	20	t	6.43763494
19	20	th	8.36662388
19	20	uw	10.9935246
19	20	v	8.28192425
19	20	w	20.3287296
19	20	z	13.5455894
20	21	ah	17.8060608
20	21	ao	16.5998859
20	21	ax	19.1457062
20	21	ay	9.63474369
20	21	eh	15.9826336
20	21	ey	15.2816715
20	21	f	4.83280087
20	21	ih	14.8738194
20	21	iy	15.3993864
20	21	k	9.61963654
20	21	n	8.45018959
20	21	ow	10.2916422
20	21	r	13.651638
20	21	s	8.45015144
20	21	SIL	0.0218209997
20	21	t	4.65272284
20	21	th	8.17521954
20	21	uw	11.9078331
20	21	v	5.74635696
20	21	w	19.6166897
20	21	z	11.9362669
21	22	ah	16.0305958
21	22	ao	16.4360752
21	22	ax	17.0931492
21	22	ay	9.47296715
21	22	eh	16.6868553
21	22	ey	17.1892738
21	22	f	4.59048796
21	22	ih	15.2499971
21	22	iy	17.0431995
21	22	k	8.76167011
21	22	n	8.21195889
21	22	ow	12.2977476
21	22	r	14.4595318
21	22	s	7.8837471
21	22	SIL	0.0450129993
21	22	t	3.92761898
21	22	th	9.20680904
21	22	uw	12.814187
21	22	v	4.32868099
21	22	w	17.6620541
21	22	z	14.0248928
22	23	ah	16.0992222
22	23	ao	15.4699001
22	23	ax	16.6443081
22	23	ay	10.1464872
22	23	eh	15.7233992
22	23	ey	17.2718601
22	23	f	5.44359493
22	23	ih	16.7163143
22	23	iy	16.4339981
22	23	k	11.6136065
22	23	n	8.21281528
22	23	ow	12.1050587
22	23	r	14.3974237
22	23	s	8.56467247
22	23	SIL	0.0292450003
22	23	t	5.38161612
22	23	th	11.0120592
22	23	uw	11.7829437
22	23	v	3.94474602
22	23	w	16.8518562
22	23	z	16.0653667
23	24	ah	14.1697359
23	24	ao	12.3245955
23	24	ax	11.396184
23	24	ay	8.36617565
23	24	eh	12.9393501
23	24	ey	15.0213251
23	24	f	3.2668879
23	24	ih	13.8888655
23	24	iy	15.3372765
23	24	k	9.89077473
23	24	n	6.8810401
23	24	ow	9.0493288
23	24	r	15.43923
23	24	s	6.24882317
23	24	SIL	0.153492004
23	24	t	4.22763681
23	24	th	8.65289211
23	24	uw	9.7750988
23	24	v	2.45378709
23	24	w	15.7446833
23	24	z	14.5577726
24	25	ah	12.2361298
24	25	ao	10.8479414
24	25	ax	10.9866018
24	25	ay	7.86527777
24	25	eh	14.0681982
24	25	ey	15.2721491
24	25	f	3.17148089
24	25	ih	11.8334723
24	25	iy	14.5593309
24	25	k	6.26340008
24	25	n	8.30418968
24	25	ow	9.50238991
24	25	r	13.8040991
24	25	s	3.50061893
24	25	SIL	0.143909007
24	25	t	4.28326797
24	25	th	6.93917418
24	25	uw	8.4535017
24	25	v	3.11744499
24	25	w	14.2458544
24	25	z	13.5736761
25	26	ah	12.4135971
25	26	ao	9.61880398
25	26	ax	13.0998392
25	26	ay	8.27842236
25	26	eh	16.6740818
25	26	ey	16.3398628
25	26	f	5.81733179
25	26	ih	11.7080708
25	26	iy	14.8057919
25	26	k	5.39952803
25	26	n	11.3793669
25	26	ow	11.3558626
25	26	r	11.6118994
25	26	s	5.50121117
25	26	SIL	0.02795
25	26	t	4.45500183
25	26	th	7.34003782
25	26	uw	10.2531776
25	26	v	5.70938301
25	26	w	14.7439871
25	26	z	15.9343319
26	27	ah	14.9711943
26	27	ao	12.6573544
26	27	ax	13.9199734
26	27	ay	9.12458611
26	27	eh	14.9820881
26	27	ey	16.9361916
26	27	f	7.98389578
26	27	ih	11.2048912
26	27	iy	12.9897718
26	27	k	6.70196819
26	27	n	10.2597876
26	27	ow	11.7597656
26	27	r	12.3039389
26	27	s	5.186975
26	27	SIL	0.0146740004
26	27	t	5.46181583
26	27	th	8.18041706
26	27	uw	9.72682285
26	27	v	5.93470812
26	27	w	18.0576954
26	27	z	15.3946476
27	28	ah	16.0926437
27	28	ao	13.8482132
27	28	ax	13.723896
27	28	ay	10.3018255
27	28	eh	14.7313147
27	28	ey	17.3785782
27	28	f	6.85408592
27	28	ih	9.48978043
27	28	iy	14.6821175
27	28	k	7.12125778
27	28	n	9.98851585
27	28	ow	10.5064411
27	28	r	11.8536654
27	28	s	6.38608313
27	28	SIL	0.0059799999
27	28	t	7.8580451
27	28	th	8.05125141
27	28	uw	10.4394541
27	28	v	6.51122093
27	28	w	19.4249687
27	28	z	14.454812
28	29	ah	15.0808048
28	29	ao	13.3169794
28	29	ax	12.2718687
28	29	ay	8.92724514
28	29	eh	13.6239271
28	29	ey	16.6818771
28	29	f	4.58108091
28	29	ih	8.40161419
28	29	iy	15.5718136
28	29	k	6.43988991
28	29	n	8.4677124
28	29	ow	8.65188313
28	29	r	11.6591644
28	29	s	5.44006014
28	29	SIL	0.0398910008
28	29	t	6.36003494
28	29	th	6.43795109
28	29	uw	9.74750423
28	29	v	3.97504807
28	29	w	18.3475914
28	29	z	13.4072752
29	30	ah	15.8965387
29	30	ao	14.1324854
29	30	ax	14.4091043
29	30	ay	8.16121578
29	30	eh	16.0159092
29	30	ey	13.7827864
29	30	f	2.57161999
29	30	ih	9.82597733
29	30	iy	14.6760168
29	30	k	8.50347996
29	30	n	8.01280022
29	30	ow	7.5389452
29	30	r	11.3382921
29	30	s	5.53140306
29	30	SIL	0.123752996
29	30	t	6.41098404
29	30	th	6.0056262
29	30	uw	11.3560905
29	30	v	3.49045801
29	30	w	18.5237617
29	30	z	12.694519
30	31	ah	13.9460907
30	31	ao	9.88141727
30	31	ax	18.4379444
30	31	ay	9.58001232
30	31	eh	19.0727043
30	31	ey	11.9878187
30	31	f	1.00701702
30	31	ih	16.0838146
30	31	iy	13.6618176
30	31	k	11.8223858
30	31	n	10.1923628
30	31	ow	7.95655489
30	31	r	9.69206238
30	31	s	8.55854607
30	31	SIL	0.456894994
30	31	t	8.28675175
30	31	th	9.68093586
30	31	uw	12.4271355
30	31	v	7.9574132
30	31	w	15.4199963
30	31	z	16.2911129
31	32	ah	13.2086744
31	32	ao	10.9249048
31	32	ax	17.8356514
31	32	ay	8.17628193
31	32	eh	17.3462715
31	32	ey	13.2653666
31	32	f	0.732594013
31	32	ih	16.9826965
31	32	iy	13.4806452
31	32	k	11.6838379
31	32	n	9.58422565
31	32	ow	9.14404392
31	32	r	10.4509153
31	32	s	8.55317497
31	32	SIL	0.657786012
31	32	t	8.60408688
31	32	th	9.96135616
31	32	uw	14.4535999
31	32	v	7.82335711
31	32	w	14.3975248
31	32	z	16.047863
32	33	ah	12.5263844
32	33	ao	13.749507
32	33	ax	16.8041878
32	33	ay	8.28941345
32	33	eh	15.5987387
32	33	ey	15.6877375
32	33	f	1.90734506
32	33	ih	18.1498775
32	33	iy	13.8910646
32	33	k	11.4754934
32	33	n	7.81820202
32	33	ow	8.21234035
32	33	r	13.1125956
32	33	s	7.2654171
32	33	SIL	0.163450003
32	33	t	8.25143242
32	33	th	8.68261814
32	33	uw	14.5785484
32	33	v	8.37061119
32	33	w	12.6299191
32	33	z	11.5969858
33	34	ah	13.3459539
33	34	ao	14.1902113
33	34	ax	16.6674252
33	34	ay	8.99920845
33	34	eh	13.3204432
33	34	ey	15.4871206
33	34	f	2.087358
33	34	ih	15.2905722
33	34	iy	13.1318026
33	34	k	8.92987823
33	34	n	7.20492315
33	34	ow	9.1121788
33	34	r	12.4646072
33	34	s	5.01709986
33	34	SIL	0.145848006
33	34	t	7.22743702
33	34	th	6.9727931
33	34	uw	12.670867
33	34	v	6.30812502
33	34	w	12.5887251
33	34	z	7.68016481
34	35	ah	14.4747858
34	35	ao	12.9749069
34	35	ax	16.0757484
34	35	ay	10.1922884
34	35	eh	14.7523308
34	35	ey	14.4637899
34	35	f	1.07574999
34	35	ih	15.1235619
34	35	iy	14.1407022
34	35	k	8.67200947
34	35	n	8.22441864
34	35	ow	7.70057821
34	35	r	10.6691103
34	35	s	7.14224291
34	35	SIL	0.425134003
34	35	t	8.43081093
34	35	th	7.88875294
34	35	uw	11.5232973
34	35	v	5.86776018
34	35	w	14.5384026
34	35	z	9.26058102
35	36	ah	14.2469454
35	36	ao	12.4098253
35	36	ax	13.8741302
35	36	ay	8.66158199
35	36	eh	16.4845142
35	36	ey	12.0579205
35	36	f	0.930926979
35	36	ih	14.5815277
35	36	iy	14.3702288
35	36	k	8.63065434
35	36	n	7.92795801
35	36	ow	8.99528122
35	36	r	10.8125563
35	36	s	7.67422199
35	36	SIL	0.522210002
35	36	t	5.82822084
35	36	th	7.53702402
35	36	uw	10.7447872
35	36	v	4.87858486
35	36	w	13.1732054
35	36	z	8.72363853
36	37	ah	14.487586
36	37	ao	12.581418
36	37	ax	14.1962843
36	37	ay	10.8541546
36	37	eh	16.6510124
36	37	ey	12.6949224
36	37	f	0.996266007
36	37	ih	16.2480278
36	37	iy	13.8453922
36	37	k	9.75820255
36	37	n	8.84907246
36	37	ow	10.4075232
36	37	r	13.8315687
36	37	s	7.61863184
36	37	SIL	0.486559987
36	37	t	6.51073408
36	37	th	7.5201602
36	37	uw	12.6479454
36	37	v	4.32809591
36	37	w	13.1901541
36	37	z	10.4989347
37	38	ah	15.8319864
37	38	ao	10.6115456
37	38	ax	14.8540106
37	38	ay	12.4157791
37	38	eh	18.7204189
37	38	ey	11.6920919
37	38	f	0.624027014
37	38	ih	17.7045593
37	38	iy	12.5513554
37	38	k	12.1773462
37	38	n	8.09212494
37	38	ow	11.3971262
37	38	r	15.0692768
37	38	s	7.91155005
37	38	SIL	0.781594992
37	38	t	6.42048216
37	38	th	8.36649132
37	38	uw	13.164547
37	38	v	5.5371809
37	38	w	13.1149292
37	38	z	11.5395699
38	39	ah	19.3093224
38	39	ao	9.8532362
38	39	ax	16.0406017
38	39	ay	16.2494545
38	39	eh	19.9294815
38	39	ey	13.8416586
38	39	f	0.00307999994
38	39	ih	16.3888035
38	39	iy	17.1115093
38	39	k	16.230135
38	39	n	14.7931747
38	39	ow	12.6711502
38	39	r	15.5214682
38	39	s	9.95050526
38	39	SIL	5.88789415
38	39	t	9.69706345
38	39	th	12.1465473
38	39	uw	14.3077936
38	39	v	8.96022224
38	39	w	13.8312006
38	39	z	15.788415
39	40	ah	18.7607479
39	40	ao	8.97240543
39	40	ax	15.2789965
39	40	ay	15.6361151
39	40	eh	16.7718182
39	40	ey	11.7400894
39	40	f	0.00290600001
39	40	ih	13.9825268
39	40	iy	15.1047268
39	40	k	15.3201876
39	40	n	16.364378
39	40	ow	11.8741827
39	40	r	13.3006878
39	40	s	9.65126991
39	40	SIL	6.08076
39	40	t	8.91113758
39	40	th	10.0664043
39	40	uw	12.5572996
39	40	v	8.43911266
39	40	w	11.7844887
39	40	z	13.73489
40	41	ah	17.7422161
40	41	ao	8.14618874
40	41	ax	15.2056141
40	41	ay	16.6293697
40	41	eh	16.0656681
40	41	ey	12.0947618
40	41	f	0.00523599982
40	41	ih	13.5538425
40	41	iy	13.8042269
40	41	k	16.2526798
40	41	n	15.2826376
40	41	ow	12.0388508
40	41	r	12.785409
40	41	s	10.0527048
40	41	SIL	5.48100901
40	41	t	9.41625309
40	41	th	9.22480011
40	41	uw	12.3427505
40	41	v	7.6940012
40	41	w	9.71851635
40	41	z	11.8936453
41	42	ah	16.2074127
41	42	ao	5.23113012
41	42	ax	14.7092066
41	42	ay	15.158123
41	42	eh	14.4164305
41	42	ey	11.9747162
41	42	f	0.0135270003
41	42	ih	13.0033779
41	42	iy	12.152132
41	42	k	18.6659737
41	42	n	11.8555489
41	42	ow	10.6917562
41	42	r	11.7161961
41	42	s	10.5014172
41	42	SIL	4.97222996
41	42	t	11.307291
41	42	th	9.50453281
41	42	uw	11.2404137
41	42	v	7.94920921
41	42	w	7.38519382
41	42	z	11.829464
42	43	ah	13.1567678
42	43	ao	1.10606205
42	43	ax	11.9304514
42	43	ay	10.9275103
42	43	eh	13.3288536
42	43	ey	11.3467064
42	43	f	0.426674008
42	43	ih	12.0324154
42	43	iy	9.84962654
42	43	k	20.730381
42	43	n	8.56826496
42	43	ow	8.45514011
42	43	r	8.68206406
42	43	s	11.7358904
42	43	SIL	5.14818001
42	43	t	13.1966906
42	43	th	8.82936001
42	43	uw	8.88509464
42	43	v	7.14184904
42	43	w	4.72297382
42	43	z	11.6606359
43	44	ah	12.5308714
43	44	ao	0.0858469978
43	44	ax	12.4161396
43	44	ay	8.49403286
43	44	eh	14.1479626
43	44	ey	10.7158976
43	44	f	2.64228702
43	44	ih	12.6240549
43	44	iy	8.38148308
43	44	k	22.414629
43	44	n	9.8071909
43	44	ow	7.35993719
43	44	r	7.06594276
43	44	s	13.4959764
43	44	SIL	6.08589983
43	44	t	14.2532272
43	44	th	8.68641376
43	44	uw	8.91904545
43	44	v	8.06445789
43	44	w	5.09074306
43	44	z	11.8392687
44	45	ah	13.8104467
44	45	ao	0.00125600002
44	45	ax	15.0653276
44	45	ay	12.0554819
44	45	eh	15.4351625
44	45	ey	14.4110117
44	45	f	11.0812054
44	45	ih	16.3164558
44	45	iy	10.8325052
44	45	k	27.3623466
44	45	n	13.5291595
44	45	ow	9.50353336
44	45	r	9.03269863
44	45	s	20.4126587
44	45	SIL	12.4348106
44	45	t	19.075592
44	45	th	14.769906
44	45	uw	12.1104488
44	45	v	15.0277014
44	45	w	6.90103102
44	45	z	17.6714611
45	46	ah	13.6519203
45	46	ao	0.00100299995
45	46	ax	17.7475643
45	46	ay	14.1940937
45	46	eh	16.6785259
45	46	ey	13.1892967
45	46	f	13.2000141
45	46	ih	15.3856134
45	46	iy	10.3247519
45	46	k	25.8767071
45	46	n	13.4123936
45	46	ow	8.90279293
45	46	r	9.51294327
45	46	s	20.9785328
45	46	SIL	14.292532
45	46	t	18.2961578
45	46	th	15.232316
45	46	uw	12.2342243
45	46	v	18.5467796
45	46	w	7.19921589
45	46	z	18.9295731
46	47	ah	13.3983097
46	47	ao	0.00233300007
46	47	ax	18.0397739
46	47	ay	16.6680889
46	47	eh	16.483902
46	47	ey	14.9278898
46	47	f	13.1175156
46	47	ih	15.2703428
46	47	iy	10.2030172
46	47	k	25.536087
46	47	n	12.7225466
46	47	ow	7.8635788
46	47	r	7.62716389
46	47	s	19.3235283
46	47	SIL	14.2333002
46	47	t	18.5076008
46	47	th	14.3566055
46	47	uw	12.8424673
46	47	v	20.0312672
46	47	w	6.56396484
46	47	z	17.7312031
47	48	ah	13.5086765
47	48	ao	0.00698800012
47	48	ax	15.9278765
47	48	ay	15.2310457
47	48	eh	14.613471
47	48	ey	15.7421293
47	48	f	12.0920868
47	48	ih	13.1230917
47	48	iy	10.2337599
47	48	k	25.0901375
47	48	n	10.9735546
47	48	ow	6.41085815
47	48	r	5.34924793
47	48	s	17.4296551
47	48	SIL	13.8567324
47	48	t	18.4560642
47	48	th	14.1750402
47	48	uw	11.9341946
47	48	v	18.1881771
47	48	w	7.60802221
47	48	z	17.286314
48	49	ah	13.285573
48	49	ao	0.0509559996
48	49	ax	15.683094
48	49	ay	12.5052662
48	49	eh	12.0797272
48	49	ey	13.9935856
48	49	f	10.24189
48	49	ih	11.2875586
48	49	iy	7.85817289
48	49	k	21.5675774
48	49	n	7.30913496
48	49	ow	5.15086603
48	49	r	3.16927505
48	49	s	14.2127914
48	49	SIL	10.8873186
48	49	t	16.125349
48	49	th	11.6342907
48	49	uw	8.90493774
48	49	v	13.9908638
48	49	w	7.46997595
48	49	z	14.585618
49	50	ah	13.6681013
49	50	ao	0.029321
49	50	ax	15.5154495
49	50	ay	12.0969
49	50	eh	10.9136868
49	50	ey	13.4577255
49	50	f	10.5852613
49	50	ih	9.70683765
49	50	iy	6.63224983
49	50	k	18.0320053
49	50	n	6.30679798
49	50	ow	8.22650146
49	50	r	3.6966331
49	50	s	13.955162
49	50	SIL	11.2237101
49	50	t	16.3003483
49	50	th	9.52512074
49	50	uw	9.20625496
49	50	v	12.1889477
49	50	w	7.89411402
49	50	z	13.7543221
50	51	ah	12.5996485
50	51	ao	0.0127689997
50	51	ax	14.7552967
50	51	ay	11.4098005
50	51	eh	10.1388607
50	51	ey	11.5719061
50	51	f	10.2468414
50	51	ih	8.11937237
50	51	iy	8.48938465
50	51	k	16.0688744
50	51	n	7.8149128
50	51	ow	8.89454079
50	51	r	4.91488886
50	51	s	13.9014759
50	51	SIL	11.5800514
50	51	t	14.8681335
50	51	th	10.8829718
50	51	uw	8.78100395
50	51	v	10.2116146
50	51	w	5.52466822
50	51	z	15.7180243
51	52	ah	11.9734707
51	52	ao	0.0090119997
51	52	ax	15.1418009
51	52	ay	11.408844
51	52	eh	9.86713791
51	52	ey	10.8658304
51	52	f	9.93664169
51	52	ih	8.05784512
51	52	iy	10.0072317
51	52	k	16.0600929
51	52	n	9.13290024
51	52	ow	9.2429533
51	52	r	5.11564684
51	52	s	14.3555632
51	52	SIL	12.2384844
51	52	t	15.3771334
51	52	th	11.4812889
51	52	uw	9.01526928
51	52	v	10.7935457
51	52	w	6.16183615
51	52	z	16.91082
52	53	ah	12.3496513
52	53	ao	0.0194279999
52	53	ax	16.2179699
52	53	ay	11.9024734
52	53	eh	9.81751823
52	53	ey	11.9963207
52	53	f	9.98064423
52	53	ih	9.05951881
52	53	iy	10.4433575
52	53	k	16.9811707
52	53	n	11.0032892
52	53	ow	7.72491121
52	53	r	4.01742077
52	53	s	14.3077307
52	53	SIL	12.9253187
52	53	t	16.6937141
52	53	th	12.7108526
52	53	uw	9.75580978
52	53	v	11.7271576
52	53	w	7.71279716
52	53	z	16.9570808
53	54	ah	12.0513906
53	54	ao	0.0321939997
53	54	ax	17.2698517
53	54	ay	14.0336475
53	54	eh	12.2714224
53	54	ey	14.7311974
53	54	f	11.4005003
53	54	ih	12.4362516
53	54	iy	12.9906187
53	54	k	17.1477795
53	54	n	15.0413275
53	54	ow	7.09220886
53	54	r	3.48750496
53	54	s	17.4346638
53	54	SIL	14.7079916
53	54	t	18.4790058
53	54	th	15.1057634
53	54	uw	12.31635
53	54	v	14.3373432
53	54	w	8.34514046
53	54	z	20.9699993
54	55	ah	12.4583731
54	55	ao	0.0900650024
54	55	ax	19.0249519
54	55	ay	15.9910593
54	55	eh	16.0059757
54	55	ey	19.6106663
54	55	f	13.801796
54	55	ih	15.5998487
54	55	iy	14.4921646
54	55	k	16.2076225
54	55	n	18.8284416
54	55	ow	8.75434875
54	55	r	2.45442295
54	55	s	19.1966133
54	55	SIL	15.5801477
54	55	t	21.9527721
54	55	th	17.1201077
54	55	uw	14.6768827
54	55	v	17.0129528
54	55	w	9.87585735
54	55	z	25.7631302
55	56	ah	10.7868433
55	56	ao	0.568015993
55	56	ax	18.1459732
55	56	ay	12.4754772
55	56	eh	17.4151764
55	56	ey	19.6670151
55	56	f	13.6368532
55	56	ih	16.2636471
55	56	iy	13.9114075
55	56	k	17.1650658
55	56	n	17.9325371
55	56	ow	8.47196388
55	56	r	0.836812973
55	56	s	17.7969189
55	56	SIL	13.9239836
55	56	t	21.9689159
55	56	th	17.008215
55	56	uw	14.3463268
55	56	v	15.5301409
55	56	w	10.6115408
55	56	z	25.0700436
56	57	ah	9.7761116
56	57	ao	1.60912001
56	57	ax	16.1866951
56	57	ay	10.5341921
56	57	eh	17.3350086
56	57	ey	19.5838718
56	57	f	11.817749
56	57	ih	14.3401823
56	57	iy	14.0565567
56	57	k	16.5654469
56	57	n	16.6824703
56	57	ow	6.75335217
56	57	r	0.224828005
56	57	s	14.2551575
56	57	SIL	11.610302
56	57	t	19.7866592
56	57	th	16.9619026
56	57	uw	12.5230265
56	57	v	12.9219217
56	57	w	11.7942114
56	57	z	23.8553867
57	58	ah	9.45893192
57	58	ao	3.86312389
57	58	ax	12.1363754
57	58	ay	10.1171379
57	58	eh	18.1902828
57	58	ey	18.6115208
57	58	f	11.1646843
57	58	ih	12.5325518
57	58	iy	14.0393238
57	58	k	14.2869453
57	58	n	13.7197762
57	58	ow	4.7939291
57	58	r	0.0308279991
57	58	s	13.1073046
57	58	SIL	7.24714899
57	58	t	15.7975101
57	58	th	16.7853413
57	58	uw	9.82947922
57	58	v	8.72658539
57	58	w	13.4701262
57	58	z	21.8323784
58	59	ah	7.96856689
58	59	ao	4.70349312
58	59	ax	10.3423128
58	59	ay	10.6761847
58	59	eh	17.5706806
58	59	ey	15.5686998
58	59	f	10.6525383
58	59	ih	12.252696
58	59	iy	11.3499289
58	59	k	11.5642462
58	59	n	11.8771381
58	59	ow	2.80327201
58	59	r	0.113144003
58	59	s	11.9430628
58	59	SIL	3.32856989
58	59	t	11.6436243
58	59	th	14.8447218
58	59	uw	8.46071911
58	59	v	7.16662693
58	59	w	13.2623014
58	59	z	18.2774372
59	60	ah	7.84415817
59	60	ao	8.62374306
59	60	ax	9.97541618
59	60	ay	9.53462505
59	60	eh	17.5924072
59	60	ey	16.2176113
59	60	f	11.6171122
59	60	ih	13.7807932
59	60	iy	10.5998297
59	60	k	12.1875687
59	60	n	10.369812
59	60	ow	3.3982141
59	60	r	0.164001003
59	60	s	11.4169903
59	60	SIL	2.15380096
59	60	t	11.0815601
59	60	th	14.3083973
59	60	uw	9.14850426
59	60	v	7.02832079
59	60	w	13.3682833
59	60	z	16.6194592
60	61	ah	9.99776077
60	61	ao	9.27785015
60	61	ax	10.6767445
60	61	ay	11.2173843
60	61	eh	17.521347
60	61	ey	16.1243343
60	61	f	10.1751842
60	61	ih	14.5111046
60	61	iy	12.11061
60	61	k	10.7737808
60	61	n	10.0109692
60	61	ow	3.60264993
60	61	r	0.706340015
60	61	s	11.4422417
60	61	SIL	0.738059998
60	61	t	11.35431
60	61	th	12.4276304
60	61	uw	9.13850212
60	61	v	7.08099508
60	61	w	14.0873928
60	61	z	16.0125427
61	62	ah	11.2209892
61	62	ao	11.485817
61	62	ax	12.1015987
61	62	ay	12.3556662
61	62	eh	18.1124382
61	62	ey	16.2284584
61	62	f	9.69756985
61	62	ih	14.8738585
61	62	iy	12.9631548
61	62	k	9.09439468
61	62	n	9.76861954
61	62	ow	5.4388442
61	62	r	3.81309199
61	62	s	9.93014336
61	62	SIL	0.0288399998
61	62	t	10.7527065
61	62	th	10.149478
61	62	uw	9.92920113
61	62	v	6.45166302
61	62	w	14.5314732
61	62	z	14.4914083
62	63	ah	10.1465693
62	63	ao	13.4061127
62	63	ax	10.8659277
62	63	ay	9.1376276
62	63	eh	16.9356632
62	63	ey	15.4008074
62	63	f	8.88703346
62	63	ih	13.4237547
62	63	iy	12.4287739
62	63	k	8.52249146
62	63	n	7.46643019
62	63	ow	4.48772097
62	63	r	6.6922121
62	63	s	8.60190868
62	63	SIL	0.0429689996
62	63	t	9.60331631
62	63	th	9.90080547
62	63	uw	8.62902641
62	63	v	3.57531905
62	63	w	13.3277044
62	63	z	13.5697632
63	64	ah	10.8465033
63	64	ao	11.5319777
63	64	ax	13.7117071
63	64	ay	7.89739513
63	64	eh	18.7622013
63	64	ey	15.9309006
63	64	f	8.01271629
63	64	ih	13.0411139
63	64	iy	10.8972149
63	64	k	7.3766799
63	64	n	7.90859699
63	64	ow	5.84059
63	64	r	7.0317831
63	64	s	8.5898447
63	64	SIL	0.0155570004
63	64	t	10.2976561
63	64	th	9.22987747
63	64	uw	5.84509182
63	64	v	5.00798416
63	64	w	13.8816309
63	64	z	13.4174109
64	65	ah	12.0503798
64	65	ao	11.4834337
64	65	ax	15.2056255
64	65	ay	8.19487858
64	65	eh	20.4486771
64	65	ey	17.4487553
64	65	f	7.53092003
64	65	ih	15.4439888
64	65	iy	11.7353668
64	65	k	9.34897232
64	65	n	7.96955204
64	65	ow	6.70906878
64	65	r	8.98744106
64	65	s	9.72700977
64	65	SIL	0.00988799985
64	65	t	10.13727
64	65	th	9.48480225
64	65	uw	6.41556501
64	65	v	5.21911287
64	65	w	15.0253239
64	65	z	13.9968767
65	66	ah	13.4123001
65	66	ao	12.727807
65	66	ax	14.8101892
65	66	ay	9.37713814
65	66	eh	20.733408
65	66	ey	17.7606411
65	66	f	6.95170689
65	66	ih	16.7728767
65	66	iy	12.8173265
65	66	k	11.2271194
65	66	n	7.80846405
65	66	ow	8.26926804
65	66	r	11.0080891
65	66	s	10.7493792
65	66	SIL	0.00982300006
65	66	t	8.9695034
65	66	th	10.0478725
65	66	uw	6.812994
65	66	v	4.99946022
65	66	w	16.6413727
65	66	z	15.2208881
66	67	ah	14.4673929
66	67	ao	14.4844761
66	67	ax	14.6222916
66	67	ay	10.1015034
66	67	eh	21.1669521
66	67	ey	18.5694408
66	67	f	6.9845438
66	67	ih	17.4858055
66	67	iy	13.9781046
66	67	k	11.6548243
66	67	n	7.92246914
66	67	ow	9.51929569
66	67	r	12.8049154
66	67	s	10.8894587
66	67	SIL	0.00629300019
66	67	t	8.41917992
66	67	th	9.99280643
66	67	uw	8.42529583
66	67	v	5.43710518
66	67	w	18.1875
66	67	z	16.1356468
67	68	ah	16.3151035
67	68	ao	15.8123388
67	68	ax	14.5727863
67	68	ay	10.5922909
67	68	eh	21.0281429
67	68	ey	18.8231144
67	68	f	8.11833382
67	68	ih	17.3261185
67	68	iy	14.106926
67	68	k	11.744194
67	68	n	7.62033701
67	68	ow	10.2557726
67	68	r	13.011508
67	68	s	11.061204
67	68	SIL	0.00382800004
67	68	t	8.15339565
67	68	th	10.1175528
67	68	uw	10.4176617
67	68	v	5.95733118
67	68	w	20.167202
67	68	z	17.0960789
68	69	ah	17.6385193
68	69	ao	16.4503345
68	69	ax	15.593276
68	69	ay	11.4647493
68	69	eh	21.5989037
68	69	ey	18.2411499
68	69	f	8.38406467
68	69	ih	16.7384033
68	69	iy	13.8812466
68	69	k	11.3940611
68	69	n	7.9651022
68	69	ow	11.7687283
68	69	r	12.1368952
68	69	s	10.7851906
68	69	SIL	0.00187100004
68	69	t	8.2108078
68	69	th	9.53820419
68	69	uw	12.2121277
68	69	v	7.0269618
68	69	w	21.9957638
68	69	z	17.2678642
69	70	ah	17.5957394
69	70	ao	16.7697334
69	70	ax	16.7845116
69	70	ay	11.3079739
69	70	eh	20.8633938
69	70	ey	17.8710423
69	70	f	8.91647053
69	70	ih	15.5267744
69	70	iy	13.5620394
69	70	k	10.370779
69	70	n	8.39417934
69	70	ow	12.9989777
69	70	r	11.6117783
69	70	s	10.499033
69	70	SIL	0.00131099997
69	70	t	8.17866516
69	70	th	8.20370483
69	70	uw	13.5133772
69	70	v	8.07861042
69	70	w	21.8194294
69	70	z	16.4167938
70	71	ah	18.1950665
70	71	ao	17.314394
70	71	ax	16.8755436
70	71	ay	10.7979174
70	71	eh	19.9000854
70	71	ey	18.1696358
70	71	f	8.30425644
70	71	ih	15.523962
70	71	iy	13.1627359
70	71	k	10.4512377
70	71	n	8.15114784
70	71	ow	12.846488
70	71	r	12.581378
70	71	s	10.0809813
70	71	SIL	0.00194800005
70	71	t	7.64090586
70	71	th	8.25694466
70	71	uw	13.1936817
70	71	v	7.47092199
70	71	w	22.8080235
70	71	z	16.2013435
71	72	ah	18.5370731
71	72	ao	16.4833469
71	72	ax	16.2996235
71	72	ay	10.8876982
71	72	eh	20.0336361
71	72	ey	17.8785019
71	72	f	8.05340958
71	72	ih	15.1961555
71	72	iy	13.2679119
71	72	k	10.5405397
71	72	n	7.91861391
71	72	ow	12.4777088
71	72	r	12.9817562
71	72	s	9.68972588
71	72	SIL	0.002599
71	72	t	6.95462179
71	72	th	8.62724113
71	72	uw	12.107955
71	72	v	7.32473898
71	72	w	23.0479584
71	72	z	15.982686
72	73	ah	19.3230858
72	73	ao	15.8698807
72	73	ax	16.2751675
72	73	ay	11.4746599
72	73	eh	20.39744
72	73	ey	17.4561672
72	73	f	8.26660633
72	73	ih	14.6398354
72	73	iy	13.3978062
72	73	k	10.7191153
72	73	n	8.38195515
72	73	ow	11.8014088
72	73	r	12.6808567
72	73	s	9.52932453
72	73	SIL	0.00219799997
72	73	t	7.06799984
72	73	th	8.43480587
72	73	uw	11.1638546
72	73	v	7.585464
72	73	w	23.4413376
72	73	z	15.4997892
73	74	ah	19.3089581
73	74	ao	16.3346844
73	74	ax	16.6799736
73	74	ay	11.3183889
73	74	eh	20.5603104
73	74	ey	17.8155994
73	74	f	8.37899017
73	74	ih	14.8126822
73	74	iy	13.582613
73	74	k	10.597434
73	74	n	8.85435772
73	74	ow	12.5555849
73	74	r	12.9959974
73	74	s	9.434618
73	74	SIL	0.00236300007
73	74	t	6.85364723
73	74	th	8.41340542
73	74	uw	12.104393
73	74	v	7.45156193
73	74	w	23.1829338
73	74	z	15.332839
74	75	ah	19.1546555
74	75	ao	17.0989399
74	75	ax	16.7619438
74	75	ay	11.4959078
74	75	eh	20.8858662
74	75	ey	17.8141556
74	75	f	9.04261494
74	75	ih	15.222312
74	75	iy	13.5176001
74	75	k	10.7837782
74	75	n	8.92288303
74	75	ow	13.1320696
74	75	r	13.4788456
74	75	s	9.88397694
74	75	SIL	0.00206699991
74	75	t	6.81329823
74	75	th	8.34703732
74	75	uw	12.7858915
74	75	v	7.85580921
74	75	w	23.0407963
74	75	z	15.3288841
75	76	ah	19.7195568
75	76	ao	17.7222633
75	76	ax	17.0692177
75	76	ay	11.486558
75	76	eh	21.4917755
75	76	ey	17.8640251
75	76	f	8.93390656
75	76	ih	15.6019478
75	76	iy	13.6330099
75	76	k	11.597477
75	76	n	8.83796978
75	76	ow	13.2445164
75	76	r	14.0094814
75	76	s	10.1071854
75	76	SIL	0.00119900005
75	76	t	7.72705078
75	76	th	9.48737717
75	76	uw	13.548871
75	76	v	7.98960209
75	76	w	24.0594959
75	76	z	16.0862789
76	77	ah	19.6759911
76	77	ao	17.0684242
76	77	ax	16.9608727
76	77	ay	11.7880821
76	77	eh	21.369421
76	77	ey	17.243227
76	77	f	8.45205498
76	77	ih	15.2541542
76	77	iy	13.5953054
76	77	k	11.3335991
76	77	n	8.77062416
76	77	ow	12.666338
76	77	r	13.414259
76	77	s	9.8743372
76	77	SIL	0.00187299994
76	77	t	7.11289597
76	77	th	8.98613358
76	77	uw	12.9559288
76	77	v	7.63617706
76	77	w	23.8162594
76	77	z	15.3582144
77	78	ah	19.5208778
77	78	ao	16.7309761
77	78	ax	16.8545933
77	78	ay	11.3274565
77	78	eh	21.1078339
77	78	ey	16.4889622
77	78	f	8.14128304
77	78	ih	14.8150043
77	78	iy	13.5861816
77	78	k	11.2031136
77	78	n	8.52536583
77	78	ow	12.859087
77	78	r	13.2884626
77	78	s	9.85094261
77	78	SIL	0.00237499992
77	78	t	6.87158918
77	78	th	8.66442585
77	78	uw	13.3363972
77	78	v	7.44123602
77	78	w	23.3799152
77	78	z	15.0077
78	79	ah	19.4735546
78	79	ao	16.8752689
78	79	ax	16.7512379
78	79	ay	11.4673529
78	79	eh	21.0558987
78	79	ey	16.2905369
78	79	f	8.53486443
78	79	ih	14.730895
78	79	iy	13.5033541
78	79	k	11.185667
78	79	n	8.09538269
78	79	ow	13.1059303
78	79	r	13.4109135
78	79	s	10.2288389
78	79	SIL	0.00212500012
78	79	t	7.01344395
78	79	th	8.42556953
78	79	uw	13.5057306
78	79	v	7.74109888
78	79	w	23.3112755
78	79	z	15.2662916
79	80	ah	19.9723644
79	80	ao	16.5690689
79	80	ax	16.7577553
79	80	ay	11.9834261
79	80	eh	21.6147614
79	80	ey	16.2738075
79	80	f	9.19559288
79	80	ih	14.791503
79	80	iy	13.4276638
79	80	k	11.3476486
79	80	n	7.96974516
79	80	ow	13.0577974
79	80	r	13.2263222
79	80	s	10.4915724
79	80	SIL	0.00172599999
79	80	t	7.16441393
79	80	th	8.50981045
79	80	uw	13.0805111
79	80	v	8.30105209
79	80	w	23.749176
79	80	z	15.6716423
80	81	ah	19.5737648
80	81	ao	16.2565441
80	81	ax	16.8027744
80	81	ay	11.8065348
80	81	eh	21.4407387
80	81	ey	15.8546934
80	81	f	8.62530041
80	81	ih	14.5763845
80	81	iy	13.7463789
80	81	k	11.0623245
80	81	n	7.90091181
80	81	ow	12.9787025
80	81	r	13.1121387
80	81	s	10.168251
80	81	SIL	0.00215200009
80	81	t	6.96406698
80	81	th	8.27200603
80	81	uw	12.7505798
80	81	v	8.02095509
80	81	w	23.5293369
80	81	z	15.3181992
81	
