0	1	ah	16.3058987
0	1	ao	15.1614628
0	1	ax	15.0313625
0	1	ay	9.99310875
0	1	eh	17.8493881
0	1	ey	17.2090626
0	1	f	8.18811417
0	1	ih	14.8632088
0	1	iy	15.3618441
0	1	k	11.7757092
0	1	n	7.10458088
0	1	ow	10.8876867
0	1	r	13.5423393
0	1	s	10.0856419
0	1	SIL	0.004036
0	1	t	8.24801254
0	1	th	10.4098434
0	1	uw	11.1425371
0	1	v	5.98951817
0	1	w	19.0104942
0	1	z	14.1363621
1	2	ah	16.4814186
1	2	ao	15.002142
1	2	ax	15.1649628
1	2	ay	10.4113827
1	2	eh	18.6093311
1	2	ey	17.3510971
1	2	f	8.59187031
1	2	ih	14.994957
1	2	iy	15.8241434
1	2	k	12.4313383
1	2	n	7.54131699
1	2	ow	11.2667685
1	2	r	13.842762
1	2	s	9.99632263
1	2	SIL	0.00225399993
1	2	t	8.69905663
1	2	th	9.95960808
1	2	uw	10.6752243
1	2	v	6.72355986
1	2	w	19.1164551
1	2	z	14.0970087
2	3	ah	17.1885052
2	3	ao	15.9003735
2	3	ax	15.2576799
2	3	ay	10.9661722
2	3	eh	19.5354385
2	3	ey	17.3193378
2	3	f	8.69994164
2	3	ih	15.3782082
2	3	iy	15.7770252
2	3	k	12.2849798
2	3	n	7.83670902
2	3	ow	11.8571606
2	3	r	14.0436707
2	3	s	10.1057644
2	3	SIL	0.00228699995
2	3	t	7.860466
2	3	th	9.29554081
2	3	uw	10.8051424
2	3	v	6.76533079
2	3	w	20.2873211
2	3	z	14.2836704
3	4	ah	17.7078228
3	4	ao	16.1505527
3	4	ax	15.7448101
3	4	ay	10.9467154
3	4	eh	19.7662029
3	4	ey	18.2122536
3	4	f	8.806427
3	4	ih	15.7679224
3	4	iy	15.5515652
3	4	k	11.8429899
3	4	n	7.83450508
3	4	ow	11.6544647
3	4	r	14.5061588
3	4	s	10.1561289
3	4	SIL	0.00193200004
3	4	t	8.00514221
3	4	th	8.95169926
3	4	uw	11.078928
3	4	v	7.09137821
3	4	w	20.613306
3	4	z	14.3156328
4	5	ah	17.8175259
4	5	ao	16.2307739
4	5	ax	15.7933626
4	5	ay	10.1346941
4	5	eh	19.5735874
4	5	ey	17.8667755
4	5	f	7.86469221
4	5	ih	15.6014233
4	5	iy	14.7607851
4	5	k	11.3313217
4	5	n	7.370893
4	5	ow	11.2288713
4	5	r	14.0813351
4	5	s	9.74734783
4	5	SIL	0.00314599997
4	5	t	7.80952787
4	5	th	8.31250668
4	5	uw	11.675971
4	5	v	6.61351824
4	5	w	21.0380154
4	5	z	13.674983
5	6	ah	17.9084873
5	6	ao	16.5586987
5	6	ax	15.4542217
5	6	ay	9.8355217
5	6	eh	19.4428577
5	6	ey	18.5582409
5	6	f	8.04477119
5	6	ih	15.7737484
5	6	iy	14.913559
5	6	k	11.5960617
5	6	n	6.95986414
5	6	ow	11.070714
5	6	r	14.3082476
5	6	s	9.91034031
5	6	SIL	0.0029219999
5	6	t	8.72258854
5	6	th	7.90099907
5	6	uw	11.9040508
5	6	v	6.93039322
5	6	w	21.1645889
5	6	z	14.2698183
6	7	ah	18.7857285
6	7	ao	16.5248585
6	7	ax	15.5878706
6	7	ay	10.9104004
6	7	eh	19.5983372
6	7	ey	18.829195
6	7	f	9.27560139
6	7	ih	15.2652121
6	7	iy	15.4945116
6	7	k	11.6155052
6	7	n	7.57982779
6	7	ow	11.3934221
6	7	r	13.8099813
6	7	s	10.8527994
6	7	SIL	0.00150400004
6	7	t	9.56890965
6	7	th	8.3908329
6	7	uw	12.253273
6	7	v	7.52903414
6	7	w	21.7951984
6	7	z	15.7427158
7	8	ah	18.9371967
7	8	ao	15.9008398
7	8	ax	16.0744457
7	8	ay	11.5761442
7	8	eh	19.0439129
7	8	ey	17.6123409
7	8	f	9.70333672
7	8	ih	14.0908842
7	8	iy	15.3829689
7	8	k	11.3674603
7	8	n	8.07273197
7	8	ow	11.5468454
7	8	r	12.8856468
7	8	s	10.5710964
7	8	SIL	0.00137299998
7	8	t	9.67178726
7	8	th	7.71694899
7	8	uw	12.3742857
7	8	v	7.76042318
7	8	w	20.7881374
7	8	z	15.0049324
8	9	ah	17.8994141
8	9	ao	16.3310852
8	9	ax	16.9341507
8	9	ay	10.4458427
8	9	eh	18.5802307
8	9	ey	17.6908989
8	9	f	9.55225277
8	9	ih	14.2513647
8	9	iy	14.9941063
8	9	k	10.9188194
8	9	n	8.08388805
8	9	ow	12.1407766
8	9	r	13.3769207
8	9	s	9.97646999
8	9	SIL	0.00178399996
8	9	t	9.17617321
8	9	th	7.0663352
8	9	uw	13.8749361
8	9	v	7.97937918
8	9	w	19.1305656
8	9	z	14.6722269
9	10	ah	17.2420425
9	10	ao	16.8368607
9	10	ax	16.6160927
9	10	ay	9.79601002
9	10	eh	17.1992092
9	10	ey	18.5371113
9	10	f	8.62783623
9	10	ih	14.1522741
9	10	iy	15.9158716
9	10	k	9.91166782
9	10	n	8.1786871
9	10	ow	11.8457031
9	10	r	14.04247
9	10	s	8.82698441
9	10	SIL	0.00359899993
9	10	t	8.47003937
9	10	th	6.08928585
9	10	uw	14.277154
9	10	v	7.83973598
9	10	w	18.7077599
9	10	z	14.1669292
10	11	ah	17.7709408
10	11	ao	17.0115299
10	11	ax	16.2017708
10	11	ay	10.2121649
10	11	eh	15.6444111
10	11	ey	19.4512806
10	11	f	7.00941801
10	11	ih	13.8763981
10	11	iy	17.0177021
10	11	k	8.57858276
10	11	n	8.88957691
10	11	ow	11.8231163
10	11	r	14.1429987
10	11	s	7.54206514
10	11	SIL	0.012294
10	11	t	7.88316202
10	11	th	4.65331316
10	11	uw	14.2900543
10	11	v	7.5958581
10	11	w	18.6071415
10	11	z	12.72194
11	12	ah	20.3849068
11	12	ao	18.8544502
11	12	ax	18.0652866
11	12	ay	12.8572588
11	12	eh	17.0394726
11	12	ey	19.6910362
11	12	f	7.69456482
11	12	ih	15.9323406
11	12	iy	18.0643253
11	12	k	10.7335482
11	12	n	10.3443241
11	12	ow	12.0919237
11	12	r	14.2197838
11	12	s	9.64383411
11	12	SIL	0.00495300023
11	12	t	8.01201057
11	12	th	5.69514894
11	12	uw	15.4542522
11	12	v	7.32164717
11	12	w	20.4406872
11	12	z	12.7585411
12	13	ah	21.8452053
12	13	ao	18.2830601
12	13	ax	19.5272884
12	13	ay	14.9904394
12	13	eh	17.9553032
12	13	ey	18.4734173
12	13	f	7.99678421
12	13	ih	17.4452763
12	13	iy	17.8120556
12	13	k	13.0252647
12	13	n	10.8469324
12	13	ow	12.4425163
12	13	r	13.9769869
12	13	s	11.8324003
12	13	SIL	0.00447099982
12	13	t	7.83736515
12	13	th	5.71831322
12	13	uw	15.9652662
12	13	v	7.81254911
12	13	w	21.1193867
12	13	z	12.0774279
13	14	ah	21.6435757
13	14	ao	19.0590038
13	14	ax	20.2241478
13	14	ay	17.6296616
13	14	eh	19.0321064
13	14	ey	17.2438011
13	14	f	10.2619238
13	14	ih	17.9866486
13	14	iy	17.9206371
13	14	k	14.9866915
13	14	n	11.2366524
13	14	ow	13.5244446
13	14	r	14.8324518
13	14	s	14.3739519
13	14	SIL	0.00160900003
13	14	t	7.54265881
13	14	th	6.8938818
13	14	uw	15.2006054
13	14	v	11.4480782
13	14	w	19.2080746
13	14	z	13.149972
14	15	ah	19.3513432
14	15	ao	19.1991978
14	15	ax	18.7777061
14	15	ay	16.7828846
14	15	eh	18.1386395
14	15	ey	15.9910059
14	15	f	11.0204802
14	15	ih	17.3863125
14	15	iy	17.8116703
14	15	k	13.6155567
14	15	n	9.99266529
14	15	ow	13.4873667
14	15	r	16.1824608
14	15	s	13.5909414
14	15	SIL	0.00173100003
14	15	t	7.06237602
14	15	th	7.14682102
14	15	uw	14.2099724
14	15	v	11.4234304
14	15	w	15.5516129
14	15	z	11.8483028
15	16	ah	18.3362312
15	16	ao	18.8975048
15	16	ax	19.3143463
15	16	ay	16.2986012
15	16	eh	18.5700092
15	16	ey	15.6085424
15	16	f	10.7597456
15	16	ih	17.5384216
15	16	iy	17.0088158
15	16	k	12.0495014
15	16	n	10.532155
15	16	ow	13.4948893
15	16	r	15.8808737
15	16	s	13.5896606
15	16	SIL	0.00263800006
15	16	t	6.54955578
15	16	th	6.79489517
15	16	uw	13.4517078
15	16	v	11.107543
15	16	w	13.5834808
15	16	z	11.5666504
16	17	ah	19.0377064
16	17	ao	17.9969482
16	17	ax	20.3613129
16	17	ay	15.3385553
16	17	eh	19.0438042
16	17	ey	15.5038757
16	17	f	8.72250366
16	17	ih	17.6826153
16	17	iy	15.7759886
16	17	k	10.8373089
16	17	n	10.3030558
16	17	ow	12.5247717
16	17	r	15.5135117
16	17	s	13.2148323
16	17	SIL	0.00324900006
16	17	t	6.98271894
16	17	th	6.18916321
16	17	uw	14.0384998
16	17	v	10.811883
16	17	w	13.3894396
16	17	z	10.8671513
17	18	ah	18.8160896
17	18	ao	15.6650753
17	18	ax	19.5618057
17	18	ay	13.945158
17	18	eh	16.8622379
17	18	ey	15.0218697
17	18	f	7.675035
17	18	ih	17.387352
17	18	iy	15.0477142
17	18	k	10.3159819
17	18	n	9.60680771
17	18	ow	9.91633129
17	18	r	13.3849344
17	18	s	13.5979919
17	18	SIL	0.00938099995
17	18	t	6.56257915
17	18	th	4.93535614
17	18	uw	13.9438066
17	18	v	9.35717583
17	18	w	13.1181488
17	18	z	10.4565172
18	19	ah	16.8758144
18	19	ao	13.5525503
18	19	ax	17.3272839
18	19	ay	12.7882271
18	19	eh	18.3667126
18	19	ey	16.5560379
18	19	f	8.26470089
18	19	ih	19.3803711
18	19	iy	15.3353844
18	19	k	10.9708166
18	19	n	7.60326481
18	19	ow	9.67238998
18	19	r	13.0987644
18	19	s	14.1977444
18	19	SIL	0.00970700011
18	19	t	6.81780195
18	19	th	4.87789392
18	19	uw	13.9368572
18	19	v	9.41010571
18	19	w	10.8900709
18	19	z	11.7213526
19	20	ah	16.3092899
19	20	ao	14.5548592
19	20	ax	15.6768608
19	20	ay	12.4961872
19	20	eh	18.7185364
19	20	ey	18.2436581
19	20	f	8.03747368
19	20	ih	18.3610783
19	20	iy	16.8291073
19	20	k	9.90562057
19	20	n	6.80398083
19	20	ow	11.8441019
19	20	r	12.7684183
19	20	s	13.8030739
19	20	SIL	0.00868999958
19	20	t	6.75280619
19	20	th	5.23931408
19	20	uw	14.3734522
19	20	v	7.90963316
19	20	w	8.07346344
19	20	z	12.5843754
20	21	ah	17.60676
20	21	ao	16.1641197
20	21	ax	17.2586327
20	21	ay	14.2816687
20	21	eh	20.6142254
20	21	ey	18.8902607
20	21	f	10.450304
20	21	ih	19.0155926
20	21	iy	14.4875393
20	21	k	10.6455288
20	21	n	5.90676022
20	21	ow	10.9995718
20	21	r	11.3448372
20	21	s	13.9504757
20	21	SIL	0.00407199981
20	21	t	8.12148476
20	21	th	7.61015511
20	21	uw	14.6941376
20	21	v	10.076992
20	21	w	7.78449202
20	21	z	11.7062979
21	22	ah	18.2697639
21	22	ao	16.5449333
21	22	ax	16.896925
21	22	ay	15.8104601
21	22	eh	21.0016804
21	22	ey	20.1845322
21	22	f	11.1065044
21	22	ih	19.8624554
21	22	iy	13.2475967
21	22	k	12.1154051
21	22	n	6.86507416
21	22	ow	10.904212
21	22	r	8.98621464
21	22	s	15.0542812
21	22	SIL	0.00149699999
21	22	t	10.2068224
21	22	th	8.86596966
21	22	uw	12.8810177
21	22	v	10.9597626
21	22	w	9.45332909
21	22	z	11.5759373
22	23	ah	13.9772139
22	23	ao	15.1940222
22	23	ax	13.2079687
22	23	ay	12.7764177
22	23	eh	18.5751572
22	23	ey	17.9510078
22	23	f	10.4704123
22	23	ih	16.6219387
22	23	iy	10.815732
22	23	k	11.7416029
22	23	n	4.3733201
22	23	ow	9.62053108
22	23	r	6.2154789
22	23	s	13.6667404
22	23	SIL	0.0156699996
22	23	t	10.1008968
22	23	th	8.26544094
22	23	uw	10.0593166
22	23	v	10.0315228
22	23	w	8.04537773
22	23	z	9.16699886
23	24	ah	10.385622
23	24	ao	16.1566811
23	24	ax	8.95673847
23	24	ay	7.75542688
23	24	eh	15.2214928
23	24	ey	13.8599119
23	24	f	9.51154137
23	24	ih	13.8889122
23	24	iy	9.42694378
23	24	k	10.4918776
23	24	n	0.858533978
23	24	ow	7.28916979
23	24	r	5.84897518
23	24	s	12.4990416
23	24	SIL	0.57852298
23	24	t	6.32394886
23	24	th	7.52075386
23	24	uw	5.00131702
23	24	v	8.3480854
23	24	w	7.27304077
23	24	z	6.76432705
24	25	ah	10.1989679
24	25	ao	17.4738579
24	25	ax	8.93324566
24	25	ay	7.41122389
24	25	eh	14.6793184
24	25	ey	12.4307489
24	25	f	10.770813
24	25	ih	15.3645506
24	25	iy	9.56807804
24	25	k	12.6110973
24	25	n	0.221022993
24	25	ow	7.25168896
24	25	r	5.63742399
24	25	s	13.2539587
24	25	SIL	1.82513702
24	25	t	6.12088585
24	25	th	8.39880371
24	25	uw	3.69768405
24	25	v	6.06903601
24	25	w	7.62523985
24	25	z	6.23625994
25	26	ah	11.3027134
25	26	ao	17.6077938
25	26	ax	8.06479931
25	26	ay	9.05800533
25	26	eh	13.1036339
25	26	ey	12.1391773
25	26	f	10.7353163
25	26	ih	14.1065397
25	26	iy	11.5505571
25	26	k	12.6288357
25	26	n	0.0605980009
25	26	ow	9.89344501
25	26	r	6.93841696
25	26	s	14.6632519
25	26	SIL	3.33779502
25	26	t	6.71448421
25	26	th	8.61369038
25	26	uw	5.69898319
25	26	v	4.11181402
25	26	w	7.62225389
25	26	z	8.71324253
26	27	ah	11.2191353
26	27	ao	17.3181
26	27	ax	7.7879262
26	27	ay	7.03430605
26	27	eh	11.1287346
26	27	ey	11.9581814
26	27	f	12.4357328
26	27	ih	14.3733397
26	27	iy	13.2042713
26	27	k	15.2226114
26	27	n	0.00889999978
26	27	ow	9.78937626
26	27	r	9.32947063
26	27	s	16.4980221
26	27	SIL	6.74604082
26	27	t	10.0687113
26	27	th	10.0797005
26	27	uw	6.10537481
26	27	v	5.57578516
26	27	w	9.23474598
26	27	z	12.9916868
27	28	ah	8.14463615
27	28	ao	15.9509449
27	28	ax	5.09390402
27	28	ay	2.88575292
27	28	eh	6.3851428
27	28	ey	12.595726
27	28	f	12.3752737
27	28	ih	12.3411198
27	28	iy	12.0980186
27	28	k	16.863306
27	28	n	0.0721620023
27	28	ow	9.13408375
27	28	r	10.2122326
27	28	s	15.6578341
27	28	SIL	8.49872208
27	28	t	11.4946356
27	28	th	10.8007727
27	28	uw	6.17100096
27	28	v	5.77579308
27	28	w	9.14347839
27	28	z	13.2849636
28	29	ah	8.77385521
28	29	ao	16.6333256
28	29	ax	5.17297506
28	29	ay	1.69434798
28	29	eh	9.10076046
28	29	ey	13.9601631
28	29	f	12.3136692
28	29	ih	14.7031574
28	29	iy	12.3963575
28	29	k	17.87644
28	29	n	0.213751003
28	29	ow	9.00677204
28	29	r	11.4170513
28	29	s	16.2593365
28	29	SIL	8.94237041
28	29	t	12.0266724
28	29	th	12.0541945
28	29	uw	6.48573494
28	29	v	6.94083023
28	29	w	10.8798952
28	29	z	15.0286236
29	30	ah	8.17974567
29	30	ao	17.2419586
29	30	ax	6.47637701
29	30	ay	0.622040987
29	30	eh	10.7896471
29	30	ey	14.6981373
29	30	f	12.4762802
29	30	ih	16.3437119
29	30	iy	13.8305769
29	30	k	19.8503017
29	30	n	0.775210977
29	30	ow	10.7122498
29	30	r	13.5806255
29	30	s	17.3527451
29	30	SIL	8.88834953
29	30	t	13.2221842
29	30	th	12.7788649
29	30	uw	8.20616627
29	30	v	8.28931618
29	30	w	11.5495863
29	30	z	16.2669086
30	31	ah	7.70261097
30	31	ao	16.0079632
30	31	ax	8.78403378
30	31	ay	0.407597989
30	31	eh	10.3386612
30	31	ey	14.9207544
30	31	f	12.7540436
30	31	ih	16.6364613
30	31	iy	13.4497976
30	31	k	20.7859306
30	31	n	1.100811
30	31	ow	10.0664682
30	31	r	11.1643124
30	31	s	17.1528549
30	31	SIL	7.06064701
30	31	t	14.1397905
30	31	th	12.2558088
30	31	uw	8.57317257
30	31	v	7.84197092
30	31	w	11.7965002
30	31	z	15.2257538
31	32	ah	8.24302578
31	32	ao	15.0424032
31	32	ax	9.46965981
31	32	ay	0.172333002
31	32	eh	9.31617737
31	32	ey	15.1384754
31	32	f	12.5355263
31	32	ih	16.332653
31	32	iy	14.3019409
31	32	k	20.5263386
31	32	n	1.85862803
31	32	ow	8.86392593
31	32	r	10.4592171
31	32	s	16.7215633
31	32	SIL	6.90341997
31	32	t	14.2004786
31	32	th	12.4728222
31	32	uw	9.16627598
31	32	v	7.27877188
31	32	w	12.0755482
31	32	z	14.8405581
32	33	ah	8.01113129
32	33	ao	14.7301311
32	33	ax	10.3833656
32	33	ay	0.0661209971
32	33	eh	9.44450665
32	33	ey	15.661911
32	33	f	12.7701616
32	33	ih	16.5847359
32	33	iy	14.4927073
32	33	k	20.8817749
32	33	n	2.78334689
32	33	ow	8.93089104
32	33	r	10.719017
32	33	s	15.8523636
32	33	SIL	7.58342314
32	33	t	15.5773096
32	33	th	12.7739191
32	33	uw	10.2216978
32	33	v	6.91334677
32	33	w	11.7983847
32	33	z	14.3732233
33	34	ah	6.62782001
33	34	ao	14.0390711
33	34	ax	10.2564344
33	34	ay	0.0429110005
33	34	eh	10.4154301
33	34	ey	14.9328489
33	34	f	13.2950544
33	34	ih	16.2996159
33	34	iy	14.2602921
33	34	k	21.0912685
33	34	n	3.24880004
33	34	ow	8.29470539
33	34	r	10.9695606
33	34	s	14.5017519
33	34	SIL	7.8606782
33	34	t	17.136488
33	34	th	13.0109129
33	34	uw	10.3632784
33	34	v	6.82890701
33	34	w	10.8057613
33	34	z	13.7209797
34	35	ah	5.05143881
34	35	ao	13.1931257
34	35	ax	8.34993076
34	35	ay	0.0692540035
34	35	eh	10.50214
34	35	ey	12.8625984
34	35	f	13.5005913
34	35	ih	14.2945147
34	35	iy	13.4140339
34	35	k	19.6193256
34	35	n	2.86692691
34	35	ow	6.93290997
34	35	r	10.7699976
34	35	s	13.2204456
34	35	SIL	7.06634521
34	35	t	16.6565475
34	35	th	13.2298203
34	35	uw	9.41214848
34	35	v	6.61404991
34	35	w	9.36221313
34	35	z	12.7438354
35	36	ah	3.74900293
35	36	ao	13.4616184
35	36	ax	8.7750349
35	36	ay	0.0571839996
35	36	eh	12.0324001
35	36	ey	12.5867491
35	36	f	13.415205
35	36	ih	14.5847149
35	36	iy	13.2691364
35	36	k	19.1741791
35	36	n	3.510988
35	36	ow	8.34559155
35	36	r	10.9925318
35	36	s	13.8311234
35	36	SIL	7.28259087
35	36	t	16.1431446
35	36	th	14.3935061
35	36	uw	10.1502237
35	36	v	7.1437068
35	36	w	8.39246941
35	36	z	12.4899683
36	37	ah	3.64366293
36	37	ao	14.164238
36	37	ax	9.91282082
36	37	ay	0.0459900014
36	37	eh	13.5346746
36	37	ey	13.0688486
36	37	f	13.6098919
36	37	ih	15.7796326
36	37	iy	13.8663034
36	37	k	19.822897
36	37	n	4.0296979
36	37	ow	9.56118965
36	37	r	11.5974092
36	37	s	14.4304543
36	37	SIL	8.19766808
36	37	t	16.4130363
36	37	th	15.6413317
36	37	uw	11.5725584
36	37	v	7.62997293
36	37	w	9.18351936
36	37	z	12.7892179
37	38	ah	3.3384769
37	38	ao	14.9020338
37	38	ax	11.4079742
37	38	ay	0.0730929971
37	38	eh	14.0782433
37	38	ey	12.2246189
37	38	f	14.2663574
37	38	ih	17.2583447
37	38	iy	13.2473726
37	38	k	20.3053455
37	38	n	3.36820889
37	38	ow	9.88039303
37	38	r	10.7977505
37	38	s	15.0924797
37	38	SIL	9.26037598
37	38	t	16.0531883
37	38	th	15.8114176
37	38	uw	12.2170162
37	38	v	8.18882942
37	38	w	9.51582623
37	38	z	13.7280006
38	39	ah	3.48062992
38	39	ao	15.4951019
38	39	ax	11.5787306
38	39	ay	0.0961150005
38	39	eh	14.2373819
38	39	ey	11.186924
38	39	f	14.2665215
38	39	ih	17.5799198
38	39	iy	12.1141644
38	39	k	20.0130672
38	39	n	2.80929208
38	39	ow	9.63017178
38	39	r	10.0972195
38	39	s	15.485034
38	39	SIL	9.54803085
38	39	t	15.3463659
38	39	th	15.0290604
38	39	uw	11.8790979
38	39	v	8.01012707
38	39	w	9.80225086
38	39	z	14.4492588
39	40	ah	2.84563494
39	40	ao	15.5027132
39	40	ax	9.94615746
39	40	ay	0.235919997
39	40	eh	13.7217503
39	40	ey	11.3725271
39	40	f	13.8716736
39	40	ih	16.8230896
39	40	iy	11.0273466
39	40	k	18.9646912
39	40	n	1.89220798
39	40	ow	9.21839046
39	40	r	9.92374516
39	40	s	15.6471596
39	40	SIL	9.30375767
39	40	t	13.7006407
39	40	th	13.2115364
39	40	uw	11.1869326
39	40	v	7.007514
39	40	w	9.42301846
39	40	z	15.0197554
40	41	ah	2.77576208
40	41	ao	15.6050692
40	41	ax	7.67503977
40	41	ay	0.357207
40	41	eh	12.479435
40	41	ey	11.7892952
40	41	f	13.0854006
40	41	ih	16.5803566
40	41	iy	10.0035734
40	41	k	18.7354527
40	41	n	1.44602203
40	41	ow	9.12507343
40	41	r	9.14683628
40	41	s	15.8214045
40	41	SIL	8.87730026
40	41	t	12.3870373
40	41	th	11.7877674
40	41	uw	10.4795151
40	41	v	6.43096495
40	41	w	10.2466326
40	41	z	15.1682215
41	42	ah	3.20444608
41	42	ao	16.6729126
41	42	ax	5.80817986
41	42	ay	0.470398009
41	42	eh	11.1161165
41	42	ey	12.3046989
41	42	f	13.0419416
41	42	ih	16.6681576
41	42	iy	8.36675644
41	42	k	19.2659454
41	42	n	1.11007404
41	42	ow	9.58004761
41	42	r	8.82319546
41	42	s	16.5979137
41	42	SIL	8.78534222
41	42	t	12.2215509
41	42	th	11.1895266
41	42	uw	10.7757072
41	42	v	6.53114605
41	42	w	11.7805309
41	42	z	15.3442402
42	43	ah	2.7522819
42	43	ao	16.6148643
42	43	ax	4.60170507
42	43	ay	0.480383992
42	43	eh	10.4620705
42	43	ey	12.4546051
42	43	f	13.4799986
42	43	ih	16.6929035
42	43	iy	7.83215618
42	43	k	19.3684883
42	43	n	1.18708301
42	43	ow	8.73414516
42	43	r	8.05164146
42	43	s	17.2181797
42	43	SIL	9.21317768
42	43	t	11.9689341
42	43	th	11.3866796
42	43	uw	11.4423676
42	43	v	6.51565599
42	43	w	11.670064
42	43	z	16.2669678
43	44	ah	2.50320101
43	44	ao	17.6314678
43	44	ax	3.48236704
43	44	ay	0.57101202
43	44	eh	10.7493992
43	44	ey	13.9169083
43	44	f	15.0325565
43	44	ih	16.8250427
43	44	iy	8.57392788
43	44	k	19.6589527
43	44	n	1.14102399
43	44	ow	8.63608456
43	44	r	7.1571269
43	44	s	17.8694973
43	44	SIL	9.62412357
43	44	t	11.8676758
43	44	th	11.4581852
43	44	uw	11.964448
43	44	v	6.372931
43	44	w	10.3721228
43	44	z	16.6436672
44	45	ah	4.6924839
44	45	ao	17.8925438
44	45	ax	3.615376
44	45	ay	1.77819395
44	45	eh	14.2962456
44	45	ey	12.0297241
44	45	f	15.569684
44	45	ih	16.5154285
44	45	iy	9.40211201
44	45	k	18.2744961
44	45	n	0.232262999
44	45	ow	8.35956955
44	45	r	6.66352081
44	45	s	17.5222816
44	45	SIL	9.04987144
44	45	t	11.3770409
44	45	th	11.6089096
44	45	uw	10.9070616
44	45	v	7.68957806
44	45	w	10.2856264
44	45	z	15.8379889
45	46	ah	5.79857302
45	46	ao	17.6275463
45	46	ax	5.81545115
45	46	ay	1.77990305
45	46	eh	16.3722153
45	46	ey	10.2311354
45	46	f	15.6642504
45	46	ih	16.5277634
45	46	iy	9.01331997
45	46	k	19.5524826
45	46	n	0.193042994
45	46	ow	9.8394556
45	46	r	7.78811979
45	46	s	17.5607662
45	46	SIL	9.16616344
45	46	t	10.9332199
45	46	th	12.3520527
45	46	uw	11.2404642
45	46	v	9.10373974
45	46	w	11.6695509
45	46	z	16.0030003
46	47	ah	8.30626392
46	47	ao	16.6893749
46	47	ax	7.96921301
46	47	ay	2.76607895
46	47	eh	16.3090649
46	47	ey	10.2644997
46	47	f	13.9667463
46	47	ih	17.2844543
46	47	iy	10.1097031
46	47	k	20.4237041
46	47	n	0.0688740015
46	47	ow	8.25011444
46	47	r	9.06346321
46	47	s	16.7399731
46	47	SIL	7.19417286
46	47	t	9.45945835
46	47	th	11.7297287
46	47	uw	9.45379066
46	47	v	6.39089298
46	47	w	11.6430321
46	47	z	14.8090944
47	48	ah	11.3360004
47	48	ao	17.2972679
47	48	ax	6.99316311
47	48	ay	6.4577899
47	48	eh	17.3338604
47	48	ey	11.0865021
47	48	f	13.6517563
47	48	ih	16.3023796
47	48	iy	9.15910625
47	48	k	19.700573
47	48	n	0.0190880001
47	48	ow	8.30960464
47	48	r	8.91095543
47	48	s	16.6764736
47	48	SIL	5.42827797
47	48	t	10.0756817
47	48	th	12.2245188
47	48	uw	5.801929
47	48	v	4.77480602
47	48	w	12.0410156
47	48	z	13.7316351
48	49	ah	12.3253851
48	49	ao	18.3352509
48	49	ax	6.70211411
48	49	ay	8.82141876
48	49	eh	19.1314812
48	49	ey	13.0592766
48	49	f	13.7523823
48	49	ih	17.0989609
48	49	iy	8.66270638
48	49	k	20.8651905
48	49	n	0.0325150006
48	49	ow	8.02138519
48	49	r	8.70168686
48	49	s	18.5592079
48	49	SIL	4.74693394
48	49	t	11.1255121
48	49	th	13.4999676
48	49	uw	5.43151999
48	49	v	4.08268309
48	49	w	11.8634768
48	49	z	13.5802927
49	50	ah	13.7595482
49	50	ao	18.4938545
49	50	ax	8.15865707
49	50	ay	9.07957268
49	50	eh	20.6969872
49	50	ey	12.9301062
49	50	f	13.170063
49	50	ih	16.3537159
49	50	iy	8.16249657
49	50	k	21.2035503
49	50	n	0.0200440008
49	50	ow	8.79414368
49	50	r	10.2702847
49	50	s	17.2207928
49	50	SIL	4.28316593
49	50	t	11.3969641
49	50	th	13.9108753
49	50	uw	6.21520996
49	50	v	5.7594018
49	50	w	13.3163786
49	50	z	12.9110212
50	51	ah	15.9505892
50	51	ao	18.8104591
50	51	ax	9.56621265
50	51	ay	10.7850819
50	51	eh	22.3922215
50	51	ey	12.2668362
50	51	f	12.5326166
50	51	ih	14.9506054
50	51	iy	7.72153378
50	51	k	18.2778206
50	51	n	0.171406999
50	51	ow	8.51130581
50	51	r	10.5549688
50	51	s	14.836237
50	51	SIL	1.88575304
50	51	t	8.78008747
50	51	th	11.6567659
50	51	uw	5.63898706
50	51	v	6.63631678
50	51	w	15.4846344
50	51	z	12.2074738
51	52	ah	15.8235645
51	52	ao	20.2914562
51	52	ax	9.39229012
51	52	ay	10.2937222
51	52	eh	21.7411919
51	52	ey	12.4165335
51	52	f	12.9064007
51	52	ih	13.3908901
51	52	iy	7.9796648
51	52	k	16.1182194
51	52	n	0.381532013
51	52	ow	7.2724328
51	52	r	11.050437
51	52	s	14.2055616
51	52	SIL	1.191136
51	52	t	7.28390789
51	52	th	10.953413
51	52	uw	4.55447292
51	52	v	7.01054907
51	52	w	17.2751408
51	52	z	12.3675575
52	53	ah	16.1456509
52	53	ao	21.0625782
52	53	ax	10.5314646
52	53	ay	9.4592762
52	53	eh	22.2625675
52	53	ey	12.8616257
52	53	f	12.8492002
52	53	ih	14.0102758
52	53	iy	9.21981525
52	53	k	15.6850634
52	53	n	0.730983019
52	53	ow	8.07472706
52	53	r	12.7924147
52	53	s	14.3391638
52	53	SIL	0.665386975
52	53	t	6.91879892
52	53	th	11.2277813
52	53	uw	5.97147179
52	53	v	7.79834414
52	53	w	17.2917881
52	53	z	13.0851831
53	54	ah	14.5367575
53	54	ao	21.9590206
53	54	ax	11.4141388
53	54	ay	8.87463474
53	54	eh	23.5920963
53	54	ey	13.595542
53	54	f	12.1497679
53	54	ih	14.7627935
53	54	iy	8.99505997
53	54	k	13.8308744
53	54	n	0.95698601
53	54	ow	9.1736927
53	54	r	14.4921846
53	54	s	14.4861031
53	54	SIL	0.493869007
53	54	t	5.43241596
53	54	th	10.7412958
53	54	uw	7.16727781
53	54	v	8.90557003
53	54	w	15.2350521
53	54	z	13.3801174
54	55	ah	14.8125811
54	55	ao	23.0184937
54	55	ax	12.2012157
54	55	ay	8.84556198
54	55	eh	23.3809299
54	55	ey	13.6788549
54	55	f	11.0993309
54	55	ih	15.4837961
54	55	iy	8.39571095
54	55	k	12.6079111
54	55	n	0.654509008
54	55	ow	8.91008759
54	55	r	15.764142
54	55	s	13.8874016
54	55	SIL	0.761734009
54	55	t	4.41559982
54	55	th	10.1393538
54	55	uw	7.37681103
54	55	v	8.73323154
54	55	w	16.4899464
54	55	z	13.0879831
55	56	ah	14.7101679
55	56	ao	21.1084366
55	56	ax	11.6669226
55	56	ay	9.03338623
55	56	eh	20.2203026
55	56	ey	13.8883801
55	56	f	9.79027081
55	56	ih	15.8417292
55	56	iy	8.34161758
55	56	k	12.2121897
55	56	n	1.56335294
55	56	ow	8.65353489
55	56	r	14.9764862
55	56	s	12.0651331
55	56	SIL	0.248655006
55	56	t	4.84545088
55	56	th	9.90494728
55	56	uw	7.09102011
55	56	v	6.60025597
55	56	w	17.267643
55	56	z	13.0220423
56	57	ah	13.5724487
56	57	ao	18.4956284
56	57	ax	12.5896759
56	57	ay	8.84553814
56	57	eh	18.7157211
56	57	ey	14.3919277
56	57	f	8.03428555
56	57	ih	16.6685543
56	57	iy	7.94604111
56	57	k	12.3016052
56	57	n	3.09253502
56	57	ow	9.53986645
56	57	r	14.3089447
56	57	s	11.2108631
56	57	SIL	0.0529350005
56	57	t	5.79133415
56	57	th	11.4335289
56	57	uw	7.65916395
56	57	v	6.36785793
56	57	w	16.874979
56	57	z	13.5649424
57	58	ah	13.0387106
57	58	ao	17.4093552
57	58	ax	13.3151932
57	58	ay	10.9260111
57	58	eh	18.5854568
57	58	ey	15.1159267
57	58	f	8.32969856
57	58	ih	16.8865147
57	58	iy	9.78596878
57	58	k	10.6571484
57	58	n	5.35866785
57	58	ow	11.8100033
57	58	r	14.1690598
57	58	s	12.1206141
57	58	SIL	0.0102460003
57	58	t	5.90550995
57	58	th	11.6601706
57	58	uw	10.4636669
57	58	v	6.04591703
57	58	w	16.362875
57	58	z	15.0727329
58	59	ah	14.4091768
58	59	ao	17.8838596
58	59	ax	14.2447462
58	59	ay	12.5141983
58	59	eh	19.8834152
58	59	ey	16.5365887
58	59	f	9.55868053
58	59	ih	16.5159264
58	59	iy	13.1552258
58	59	k	9.85941029
58	59	n	7.16333914
58	59	ow	14.714551
58	59	r	14.1827812
58	59	s	12.5828791
58	59	SIL	0.00566199981
58	59	t	6.18128395
58	59	th	11.7021294
58	59	uw	12.1074467
58	59	v	5.93127584
58	59	w	17.0822735
58	59	z	16.473093
59	60	ah	14.8772163
59	60	ao	17.7661343
59	60	ax	15.1587191
59	60	ay	10.5862732
59	60	eh	19.6160355
59	60	ey	16.4087734
59	60	f	8.53094864
59	60	ih	15.590498
59	60	iy	14.3689852
59	60	k	10.5342379
59	60	n	7.85028791
59	60	ow	14.347044
59	60	r	13.5067253
59	60	s	12.0053272
59	60	SIL	0.00563899986
59	60	t	7.27050686
59	60	th	11.4865789
59	60	uw	12.6666136
59	60	v	5.45710421
59	60	w	18.4428139
59	60	z	15.9265404
60	61	ah	15.6118431
60	61	ao	17.4907074
60	61	ax	15.6440897
60	61	ay	11.661212
60	61	eh	19.4520721
60	61	ey	17.8811226
60	61	f	8.65916729
60	61	ih	15.9647827
60	61	iy	15.7707329
60	61	k	11.1643906
60	61	n	8.86756516
60	61	ow	13.9397192
60	61	r	14.6668739
60	61	s	12.4302254
60	61	SIL	0.00258999993
60	61	t	8.00572968
60	61	th	12.1153564
60	61	uw	12.6586943
60	61	v	6.2649641
60	61	w	20.0785255
60	61	z	16.4567604
61	62	ah	16.2434292
61	62	ao	16.941967
61	62	ax	15.3889875
61	62	ay	11.6108494
61	62	eh	19.1990967
61	62	ey	17.9815598
61	62	f	8.37271404
61	62	ih	15.9081631
61	62	iy	15.0765629
61	62	k	10.6497173
61	62	n	8.1628046
61	62	ow	12.7634964
61	62	r	14.2499914
61	62	s	11.5313702
61	62	SIL	0.00318500004
61	62	t	7.18632412
61	62	th	10.777359
61	62	uw	12.1221409
61	62	v	6.30156898
61	62	w	20.256052
61	62	z	15.3010254
62	63	ah	16.2106514
62	63	ao	16.4750805
62	63	ax	15.1618853
62	63	ay	8.76620007
62	63	eh	18.7114811
62	63	ey	17.140604
62	63	f	6.68004179
62	63	ih	15.2466593
62	63	iy	14.5120268
62	63	k	10.284173
62	63	n	7.06125402
62	63	ow	11.1707907
62	63	r	12.743578
62	63	s	10.041852
62	63	SIL	0.0105600003
62	63	t	7.10938311
62	63	th	9.11680984
62	63	uw	12.6476507
62	63	v	4.932621
62	63	w	19.5872078
62	63	z	13.9417171
63	64	ah	16.5537605
63	64	ao	15.5810127
63	64	ax	15.4009027
63	64	ay	7.68491697
63	64	eh	19.0613937
63	64	ey	16.7128754
63	64	f	5.91897678
63	64	ih	15.2626534
63	64	iy	14.6159582
63	64	k	10.8557863
63	64	n	7.07811499
63	64	ow	11.0880842
63	64	r	11.9289846
63	64	s	9.88684368
63	64	SIL	0.0182259995
63	64	t	7.44340992
63	64	th	9.3217411
63	64	uw	12.6871414
63	64	v	4.32006407
63	64	w	19.9565639
63	64	z	14.6821756
64	65	ah	16.9479065
64	65	ao	15.0498867
64	65	ax	14.7944622
64	65	ay	8.45711231
64	65	eh	20.1500053
64	65	ey	16.4189644
64	65	f	7.19288206
64	65	ih	15.2645397
64	65	iy	14.0353727
64	65	k	11.8087826
64	65	n	6.80746222
64	65	ow	11.0313177
64	65	r	11.1154108
64	65	s	10.2915668
64	65	SIL	0.00756700011
64	65	t	8.26866436
64	65	th	10.1783075
64	65	uw	12.2243795
64	65	v	5.27952623
64	65	w	20.4399529
64	65	z	15.6175346
65	66	ah	18.3999901
65	66	ao	15.6301241
65	66	ax	15.1945887
65	66	ay	10.4773922
65	66	eh	19.6309872
65	66	ey	15.7826519
65	66	f	8.89832878
65	66	ih	13.39468
65	66	iy	14.3208704
65	66	k	11.1778717
65	66	n	7.50799608
65	66	ow	11.9318943
65	66	r	11.4134054
65	66	s	10.3774481
65	66	SIL	0.00288000004
65	66	t	7.92241716
65	66	th	9.61458302
65	66	uw	12.223671
65	66	v	6.39926291
65	66	w	21.5989933
65	66	z	15.5640688
66	67	ah	18.5803299
66	67	ao	16.8865051
66	67	ax	16.5478497
66	67	ay	10.637105
66	67	eh	18.3874855
66	67	ey	15.7518625
66	67	f	9.18397999
66	67	ih	13.0190287
66	67	iy	14.1566696
66	67	k	10.0837851
66	67	n	8.0786171
66	67	ow	12.7212276
66	67	r	12.1432133
66	67	s	10.2502966
66	67	SIL	0.00237499992
66	67	t	7.43062878
66	67	th	9.22469616
66	67	uw	13.532567
66	67	v	6.76446295
66	67	w	21.498106
66	67	z	14.8521881
67	68	ah	18.1640549
67	68	ao	17.1191425
67	68	ax	17.0571251
67	68	ay	10.4302511
67	68	eh	19.4474754
67	68	ey	15.9880981
67	68	f	8.53829098
67	68	ih	13.4472504
67	68	iy	14.0886374
67	68	k	9.95053959
67	68	n	7.99703217
67	68	ow	13.2247887
67	68	r	12.579587
67	68	s	9.94123554
67	68	SIL	0.00203699991
67	68	t	7.35817909
67	68	th	8.82789421
67	68	uw	13.9801922
67	68	v	7.44504595
67	68	w	21.6813698
67	68	z	15.2289906
68	
