0	1	ah	12.4464798
0	1	ao	9.84420204
0	1	ax	11.6942263
0	1	ay	7.0726738
0	1	eh	13.8581886
0	1	ey	13.620039
0	1	f	5.93070984
0	1	ih	11.9934359
0	1	iy	14.5386877
0	1	k	10.4602566
0	1	n	8.68833828
0	1	ow	4.62846088
0	1	r	6.27736807
0	1	s	9.55904007
0	1	SIL	0.0262550004
0	1	t	9.24143696
0	1	th	9.0211916
0	1	uw	9.44350433
0	1	v	4.59387589
0	1	w	17.1081753
0	1	z	11.7663956
1	2	ah	12.9364567
1	2	ao	9.95904541
1	2	ax	11.5633907
1	2	ay	8.58023453
1	2	eh	13.6737051
1	2	ey	13.6056452
1	2	f	5.98019218
1	2	ih	12.6523256
1	2	iy	14.0815239
1	2	k	9.97350788
1	2	n	8.69800377
1	2	ow	4.35424089
1	2	r	6.36756706
1	2	s	9.96092987
1	2	SIL	0.0214579999
1	2	t	7.98129702
1	2	th	8.89709759
1	2	uw	8.72313499
1	2	v	5.81874609
1	2	w	18.1666203
1	2	z	12.0903168
2	3	ah	12.1390209
2	3	ao	9.65602589
2	3	ax	10.6481009
2	3	ay	8.12312508
2	3	eh	14.7440062
2	3	ey	13.2314663
2	3	f	5.27921486
2	3	ih	12.7256203
2	3	iy	12.0684662
2	3	k	8.78550529
2	3	n	6.88934898
2	3	ow	4.16237593
2	3	r	6.52448511
2	3	s	9.38358021
2	3	SIL	0.0301309992
2	3	t	6.40949202
2	3	th	7.34293509
2	3	uw	8.69059563
2	3	v	5.67641878
2	3	w	17.6368656
2	3	z	12.2826586
3	4	ah	11.8267412
3	4	ao	10.0748663
3	4	ax	10.6955938
3	4	ay	6.38806391
3	4	eh	14.5125523
3	4	ey	12.973629
3	4	f	4.80354404
3	4	ih	12.7977219
3	4	iy	12.2811623
3	4	k	7.68734217
3	4	n	6.08654308
3	4	ow	4.77310181
3	4	r	7.49426985
3	4	s	8.39178753
3	4	SIL	0.0536010005
3	4	t	4.97063398
3	4	th	6.34092712
3	4	uw	10.2589846
3	4	v	3.83885503
3	4	w	17.3839531
3	4	z	13.1777182
4	5	ah	16.4532299
4	5	ao	14.0997963
4	5	ax	14.0571823
4	5	ay	7.40004587
4	5	eh	17.454607
4	5	ey	16.3298149
4	5	f	5.76178503
4	5	ih	14.8558111
4	5	iy	13.5973225
4	5	k	9.81096554
4	5	n	6.87993813
4	5	ow	8.1493187
4	5	r	10.9184494
4	5	s	9.05091
4	5	SIL	0.0229729991
4	5	t	7.15395403
4	5	th	7.57621813
4	5	uw	10.3848791
4	5	v	4.1278162
4	5	w	20.7716789
4	5	z	15.1907845
5	6	ah	18.142519
5	6	ao	15.7579451
5	6	ax	14.9387951
5	6	ay	9.39673615
5	6	eh	18.3832798
5	6	ey	18.1434364
5	6	f	6.13969278
5	6	ih	15.3126345
5	6	iy	13.9955873
5	6	k	10.9518356
5	6	n	7.75455713
5	6	ow	9.85265255
5	6	r	11.8067827
5	6	s	9.41467857
5	6	SIL	0.0161039997
5	6	t	7.94815302
5	6	th	8.42892838
5	6	uw	10.7442436
5	6	v	4.37777185
5	6	w	22.4675751
5	6	z	16.0009346
6	7	ah	19.367672
6	7	ao	16.195528
6	7	ax	16.5176373
6	7	ay	11.8161707
6	7	eh	20.0347729
6	7	ey	17.3388901
6	7	f	7.70716906
6	7	ih	15.0832548
6	7	iy	13.804862
6	7	k	10.9180737
6	7	n	8.82402325
6	7	ow	11.6387682
6	7	r	12.2987814
6	7	s	10.0063992
6	7	SIL	0.00307399989
6	7	t	7.13625002
6	7	th	9.00639343
6	7	uw	11.5250483
6	7	v	6.53000879
6	7	w	24.0868492
6	7	z	16.6519852
7	8	ah	19.5020313
7	8	ao	15.8691826
7	8	ax	17.7986126
7	8	ay	10.9607258
7	8	eh	19.9189854
7	8	ey	16.8655491
7	8	f	7.39082289
7	8	ih	14.8679705
7	8	iy	13.1557941
7	8	k	10.9894581
7	8	n	9.52763939
7	8	ow	12.0002117
7	8	r	12.2822428
7	8	s	9.59992504
7	8	SIL	0.00272700004
7	8	t	7.32424212
7	8	th	9.46577358
7	8	uw	12.3662119
7	8	v	6.74442291
7	8	w	23.7095394
7	8	z	16.4022789
8	9	ah	18.9106197
8	9	ao	15.0812035
8	9	ax	17.9118404
8	9	ay	10.301549
8	9	eh	19.5403442
8	9	ey	16.1887932
8	9	f	6.46348
8	9	ih	14.4234123
8	9	iy	12.8009129
8	9	k	10.8748999
8	9	n	9.42157364
8	9	ow	11.5909119
8	9	r	11.9076786
8	9	s	9.10113144
8	9	SIL	0.00415700022
8	9	t	7.37375402
8	9	th	8.34706783
8	9	uw	12.1363783
8	9	v	6.53362894
8	9	w	22.5236359
8	9	z	15.2641249
9	10	ah	19.7649555
9	10	ao	15.3858175
9	10	ax	18.8692932
9	10	ay	11.5506639
9	10	eh	19.7359753
9	10	ey	16.7495041
9	10	f	7.32859516
9	10	ih	14.1637239
9	10	iy	13.5501156
9	10	k	10.9274597
9	10	n	10.3408356
9	10	ow	12.4284229
9	10	r	12.7121363
9	10	s	9.66157818
9	10	SIL	0.00202400004
9	10	t	8.03425026
9	10	th	7.46692801
9	10	uw	13.6646996
9	10	v	8.00061893
9	10	w	22.603569
9	10	z	14.8756313
10	11	ah	20.2105942
10	11	ao	15.7208529
10	11	ax	18.721199
10	11	ay	12.336236
10	11	eh	18.3496151
10	11	ey	16.7942905
10	11	f	6.76044321
10	11	ih	13.6689034
10	11	iy	14.4554071
10	11	k	10.0860453
10	11	n	10.8310165
10	11	ow	12.6571217
10	11	r	12.9894915
10	11	s	9.17416096
10	11	SIL	0.00346300006
10	11	t	8.14242935
10	11	th	6.53181696
10	11	uw	14.5445309
10	11	v	7.89466906
10	11	w	22.4529285
10	11	z	14.2975578
11	12	ah	18.5615101
11	12	ao	15.2780828
11	12	ax	17.6061954
11	12	ay	11.315321
11	12	eh	18.7616634
11	12	ey	17.1085243
11	12	f	4.72356081
11	12	ih	14.8944597
11	12	iy	15.0391283
11	12	k	10.5181637
11	12	n	9.56294441
11	12	ow	12.7573471
11	12	r	13.5725069
11	12	s	8.54819584
11	12	SIL	0.0109980004
11	12	t	8.60645771
11	12	th	7.24283695
11	12	uw	14.832695
11	12	v	7.07464314
11	12	w	20.6057358
11	12	z	14.2938986
12	13	ah	16.5614777
12	13	ao	14.8334417
12	13	ax	16.7924843
12	13	ay	11.4189959
12	13	eh	19.2136955
12	13	ey	16.8446083
12	13	f	4.33855677
12	13	ih	15.5408897
12	13	iy	15.2835398
12	13	k	10.6525946
12	13	n	8.46033955
12	13	ow	13.114049
12	13	r	13.6910315
12	13	s	7.89117384
12	13	SIL	0.0151770003
12	13	t	8.49878788
12	13	th	7.19923782
12	13	uw	13.3539877
12	13	v	7.75286293
12	13	w	18.3930016
12	13	z	13.9016743
13	14	ah	17.5404186
13	14	ao	15.87391
13	14	ax	18.3778419
13	14	ay	12.4781485
13	14	eh	21.1016045
13	14	ey	16.5778923
13	14	f	6.07889318
13	14	ih	17.4676285
13	14	iy	14.4492617
13	14	k	12.8270121
13	14	n	8.53778934
13	14	ow	13.779356
13	14	r	14.0271645
13	14	s	9.19964218
13	14	SIL	0.00294100004
13	14	t	8.99172401
13	14	th	8.85198784
13	14	uw	12.6686611
13	14	v	9.58713245
13	14	w	20.7592068
13	14	z	14.8370886
14	15	ah	18.8312721
14	15	ao	16.9371128
14	15	ax	19.4340172
14	15	ay	13.6111183
14	15	eh	22.0446243
14	15	ey	17.1579952
14	15	f	6.36648893
14	15	ih	18.2394924
14	15	iy	15.0247231
14	15	k	13.1796026
14	15	n	9.30704308
14	15	ow	13.753993
14	15	r	13.535677
14	15	s	9.58249378
14	15	SIL	0.00229500001
14	15	t	8.42504025
14	15	th	8.88084984
14	15	uw	12.7185411
14	15	v	9.97228146
14	15	w	22.4554825
14	15	z	14.7528048
15	16	ah	18.8510799
15	16	ao	17.1594124
15	16	ax	18.7858047
15	16	ay	13.2029171
15	16	eh	18.7109146
15	16	ey	17.3915405
15	16	f	5.97954321
15	16	ih	17.1959057
15	16	iy	15.4386587
15	16	k	12.8863935
15	16	n	9.73714256
15	16	ow	14.4638453
15	16	r	13.8865681
15	16	s	9.27042198
15	16	SIL	0.00501699978
15	16	t	8.25562286
15	16	th	6.26543379
15	16	uw	13.6136446
15	16	v	8.79422188
15	16	w	21.3047829
15	16	z	13.282321
16	17	ah	18.6877003
16	17	ao	16.6615219
16	17	ax	18.1024189
16	17	ay	13.4977894
16	17	eh	16.728487
16	17	ey	18.5745754
16	17	f	5.88090181
16	17	ih	17.8928585
16	17	iy	15.6972284
16	17	k	12.8429031
16	17	n	10.7214565
16	17	ow	15.6324158
16	17	r	14.4845142
16	17	s	9.46289444
16	17	SIL	0.0228579994
16	17	t	8.3067522
16	17	th	3.95016003
16	17	uw	14.280035
16	17	v	8.53267002
16	17	w	19.4926929
16	17	z	12.020874
17	18	ah	19.5905552
17	18	ao	15.7188654
17	18	ax	18.1716099
17	18	ay	14.8896189
17	18	eh	16.7179852
17	18	ey	21.0281887
17	18	f	7.65645599
17	18	ih	19.6132603
17	18	iy	17.4919014
17	18	k	14.2416153
17	18	n	11.6813259
17	18	ow	14.9887934
17	18	r	15.7983456
17	18	s	10.2489538
17	18	SIL	0.00648400001
17	18	t	8.92098236
17	18	th	5.16921186
17	18	uw	15.4792519
17	18	v	9.08093071
17	18	w	17.2650146
17	18	z	11.8007622
18	19	ah	17.7178173
18	19	ao	14.691515
18	19	ax	15.4234505
18	19	ay	14.6066227
18	19	eh	14.8797703
18	19	ey	19.0822487
18	19	f	8.35322857
18	19	ih	17.7964745
18	19	iy	15.779213
18	19	k	13.0454979
18	19	n	9.28759575
18	19	ow	13.9225531
18	19	r	15.4806261
18	19	s	10.2023869
18	19	SIL	0.00993499998
18	19	t	7.52373981
18	19	th	4.7546649
18	19	uw	14.9756651
18	19	v	8.09976864
18	19	w	13.1233034
18	19	z	9.74589252
19	20	ah	17.4937611
19	20	ao	13.7659512
19	20	ax	13.5449934
19	20	ay	14.758338
19	20	eh	15.5855494
19	20	ey	15.7609787
19	20	f	8.02279186
19	20	ih	15.4913454
19	20	iy	16.1812077
19	20	k	12.1022358
19	20	n	8.55379105
19	20	ow	14.336132
19	20	r	15.0369873
19	20	s	11.6755323
19	20	SIL	0.00941099972
19	20	t	6.28334713
19	20	th	5.095963
19	20	uw	15.0029936
19	20	v	7.12038088
19	20	w	11.0150042
19	20	z	11.1983643
20	21	ah	16.8486176
20	21	ao	13.6554642
20	21	ax	12.2952671
20	21	ay	15.663125
20	21	eh	15.5666361
20	21	ey	15.8373909
20	21	f	8.02953434
20	21	ih	14.474453
20	21	iy	15.7560501
20	21	k	10.9601059
20	21	n	9.60290146
20	21	ow	14.8235788
20	21	r	14.7136354
20	21	s	12.4026146
20	21	SIL	0.011279
20	21	t	6.46632481
20	21	th	4.87028694
20	21	uw	15.7177477
20	21	v	6.4873848
20	21	w	10.4063053
20	21	z	11.1926842
21	22	ah	16.3067856
21	22	ao	14.8261452
21	22	ax	11.938405
21	22	ay	16.0204945
21	22	eh	18.7601624
21	22	ey	16.2905998
21	22	f	8.86008072
21	22	ih	16.6889782
21	22	iy	14.7379141
21	22	k	12.7274027
21	22	n	9.60511971
21	22	ow	15.7879725
21	22	r	13.1569853
21	22	s	15.2738066
21	22	SIL	0.0278520007
21	22	t	6.64229393
21	22	th	3.676934
21	22	uw	15.5849628
21	22	v	7.41977215
21	22	w	10.3921871
21	22	z	11.4350786
22	23	ah	16.2603016
22	23	ao	14.0818062
22	23	ax	13.6851273
22	23	ay	13.7961349
22	23	eh	18.0821095
22	23	ey	14.9007177
22	23	f	7.12388802
22	23	ih	17.4875813
22	23	iy	12.8239412
22	23	k	14.68153
22	23	n	8.88618946
22	23	ow	14.2474737
22	23	r	12.397809
22	23	s	14.5867987
22	23	SIL	0.00574899977
22	23	t	6.85273218
22	23	th	6.18526697
22	23	uw	14.2362013
22	23	v	6.46586895
22	23	w	9.62437534
22	23	z	10.1794233
23	24	ah	15.5525551
23	24	ao	10.9511013
23	24	ax	13.661499
23	24	ay	11.7841368
23	24	eh	18.3218842
23	24	ey	13.789854
23	24	f	4.85859489
23	24	ih	17.5596256
23	24	iy	12.7144623
23	24	k	14.6605244
23	24	n	6.95731497
23	24	ow	10.2165976
23	24	r	13.1922503
23	24	s	13.0219946
23	24	SIL	0.0111980001
23	24	t	7.03477192
23	24	th	9.22007179
23	24	uw	11.8432808
23	24	v	6.80858898
23	24	w	8.38992977
23	24	z	10.3264561
24	25	ah	15.5509853
24	25	ao	8.67199039
24	25	ax	16.4551849
24	25	ay	12.8608999
24	25	eh	20.4259148
24	25	ey	13.043047
24	25	f	5.29954195
24	25	ih	17.1453037
24	25	iy	14.4345913
24	25	k	14.4812126
24	25	n	8.09441185
24	25	ow	9.3241539
24	25	r	13.0011511
24	25	s	12.7628908
24	25	SIL	0.00907099992
24	25	t	6.297369
24	25	th	11.0078001
24	25	uw	11.848526
24	25	v	7.45445824
24	25	w	6.89922523
24	25	z	11.9323788
25	26	ah	11.5238342
25	26	ao	5.9546628
25	26	ax	12.1317816
25	26	ay	9.62149715
25	26	eh	18.0061836
25	26	ey	10.5306311
25	26	f	3.47339392
25	26	ih	15.7455797
25	26	iy	15.2224617
25	26	k	16.0001812
25	26	n	6.42209482
25	26	ow	7.31568289
25	26	r	11.1725521
25	26	s	13.1216974
25	26	SIL	0.0920849964
25	26	t	5.27265215
25	26	th	9.20982361
25	26	uw	9.87881374
25	26	v	4.28392506
25	26	w	3.41490602
25	26	z	12.8785267
26	27	ah	13.7570114
26	27	ao	8.310215
26	27	ax	12.9056444
26	27	ay	11.6948071
26	27	eh	19.0405502
26	27	ey	10.9437361
26	27	f	5.19833279
26	27	ih	17.2911301
26	27	iy	14.993701
26	27	k	19.3301926
26	27	n	6.06631517
26	27	ow	6.51485682
26	27	r	12.5610209
26	27	s	13.3490057
26	27	SIL	0.0473220013
26	27	t	6.105793
26	27	th	11.2436371
26	27	uw	12.3628197
26	27	v	6.8516469
26	27	w	3.40203094
26	27	z	13.4133472
27	28	ah	13.1372566
27	28	ao	9.05722618
27	28	ax	13.721283
27	28	ay	11.0048037
27	28	eh	17.5072842
27	28	ey	11.1355829
27	28	f	5.92859221
27	28	ih	15.993557
27	28	iy	12.4669886
27	28	k	20.0191631
27	28	n	5.79674292
27	28	ow	5.07814503
27	28	r	9.73116398
27	28	s	12.4569635
27	28	SIL	0.401899993
27	28	t	6.04159117
27	28	th	12.4053125
27	28	uw	12.106473
27	28	v	8.51769543
27	28	w	1.15134096
27	28	z	12.6034918
28	29	ah	13.2007751
28	29	ao	8.12433243
28	29	ax	13.4405527
28	29	ay	12.1634731
28	29	eh	16.3431416
28	29	ey	10.6054773
28	29	f	7.8889389
28	29	ih	13.9580793
28	29	iy	11.5273495
28	29	k	19.6378098
28	29	n	7.18805504
28	29	ow	4.82351589
28	29	r	7.86721706
28	29	s	13.6643076
28	29	SIL	0.857914984
28	29	t	7.94048214
28	29	th	14.2659531
28	29	uw	11.204731
28	29	v	8.99900723
28	29	w	0.569938004
28	29	z	11.9399529
29	30	ah	14.4652004
29	30	ao	9.76480579
29	30	ax	14.4818964
29	30	ay	13.3348579
29	30	eh	18.1127377
29	30	ey	12.2924986
29	30	f	8.96763515
29	30	ih	15.801754
29	30	iy	12.1010695
29	30	k	20.8806744
29	30	n	7.20583487
29	30	ow	6.89279795
29	30	r	8.68235874
29	30	s	15.0262814
29	30	SIL	1.11398399
29	30	t	9.73406601
29	30	th	14.7518101
29	30	uw	11.5414114
29	30	v	8.79087162
29	30	w	0.401372999
29	30	z	12.3243637
30	31	ah	15.1671581
30	31	ao	10.0344067
30	31	ax	14.9601059
30	31	ay	13.5998688
30	31	eh	18.8487835
30	31	ey	13.0960321
30	31	f	8.49042797
30	31	ih	16.7996387
30	31	iy	13.5352812
30	31	k	22.3139114
30	31	n	6.87183523
30	31	ow	8.73203278
30	31	r	8.85212708
30	31	s	15.7310905
30	31	SIL	1.51916504
30	31	t	10.9935989
30	31	th	12.890027
30	31	uw	10.1501789
30	31	v	8.01921558
30	31	w	0.249588996
30	31	z	13.6309299
31	32	ah	15.8795986
31	32	ao	8.25762939
31	32	ax	15.13762
31	32	ay	12.5870724
31	32	eh	17.8443985
31	32	ey	14.1442404
31	32	f	9.54662132
31	32	ih	16.4486637
31	32	iy	15.139142
31	32	k	23.0953197
31	32	n	7.43371916
31	32	ow	8.96709919
31	32	r	8.80781841
31	32	s	16.5370636
31	32	SIL	4.29135323
31	32	t	12.0444317
31	32	th	12.8524418
31	32	uw	7.95165586
31	32	v	8.86794376
31	32	w	0.0155109996
31	32	z	15.5547791
32	33	ah	17.0404778
32	33	ao	8.94745731
32	33	ax	14.7812452
32	33	ay	14.734973
32	33	eh	17.1944923
32	33	ey	16.6526451
32	33	f	11.2663927
32	33	ih	16.9593105
32	33	iy	16.1425896
32	33	k	23.4906693
32	33	n	7.74963522
32	33	ow	10.6159449
32	33	r	8.92114639
32	33	s	17.5676823
32	33	SIL	6.671
32	33	t	13.6773481
32	33	th	14.1859283
32	33	uw	7.75831079
32	33	v	9.4450779
32	33	w	0.00251100003
32	33	z	17.5120487
33	34	ah	16.7654037
33	34	ao	10.1173
33	34	ax	14.8566771
33	34	ay	15.3880148
33	34	eh	17.0102139
33	34	ey	16.5528793
33	34	f	13.4555578
33	34	ih	16.4336853
33	34	iy	16.2963333
33	34	k	23.188261
33	34	n	9.30444336
33	34	ow	9.97197723
33	34	r	10.7844782
33	34	s	19.1689701
33	34	SIL	9.88215733
33	34	t	15.2287369
33	34	th	16.2289848
33	34	uw	7.7375989
33	34	v	12.8511229
33	34	w	0.000691999972
33	34	z	19.6389236
34	35	ah	13.6917505
34	35	ao	11.521431
34	35	ax	13.4162884
34	35	ay	12.9325275
34	35	eh	13.7480812
34	35	ey	14.4097157
34	35	f	13.8974848
34	35	ih	14.8489313
34	35	iy	15.58675
34	35	k	22.4170475
34	35	n	8.2277441
34	35	ow	8.12246323
34	35	r	11.771636
34	35	s	17.8680916
34	35	SIL	10.8937588
34	35	t	14.6458969
34	35	th	15.7837029
34	35	uw	6.86869192
34	35	v	13.4626942
34	35	w	0.001651
34	35	z	18.5843582
35	36	ah	11.5809908
35	36	ao	10.5379772
35	36	ax	14.6704664
35	36	ay	12.3517189
35	36	eh	12.9477158
35	36	ey	16.4638519
35	36	f	14.9059162
35	36	ih	17.0095673
35	36	iy	16.6709671
35	36	k	24.18647
35	36	n	10.8140564
35	36	ow	10.286561
35	36	r	13.4079409
35	36	s	18.1591511
35	36	SIL	12.4698811
35	36	t	16.6464634
35	36	th	16.6550236
35	36	uw	9.22333717
35	36	v	15.0914011
35	36	w	0.000201999996
35	36	z	17.7565708
36	37	ah	12.2645197
36	37	ao	11.1516886
36	37	ax	17.0464592
36	37	ay	12.8820629
36	37	eh	13.16539
36	37	ey	19.4281178
36	37	f	16.6335144
36	37	ih	18.9552383
36	37	iy	19.1386681
36	37	k	26.0716095
36	37	n	12.6348429
36	37	ow	12.3105822
36	37	r	14.2918844
36	37	s	19.4537067
36	37	SIL	14.6336956
36	37	t	19.408844
36	37	th	17.2192554
36	37	uw	11.6572304
36	37	v	17.3463306
36	37	w	4.09999993e-05
36	37	z	18.6838036
37	38	ah	10.341198
37	38	ao	8.36501122
37	38	ax	14.811883
37	38	ay	9.90990162
37	38	eh	10.3403139
37	38	ey	18.3012943
37	38	f	15.1958055
37	38	ih	15.9964056
37	38	iy	17.9017525
37	38	k	23.0360374
37	38	n	10.0433912
37	38	ow	8.48211002
37	38	r	11.8901691
37	38	s	17.9122696
37	38	SIL	11.5384989
37	38	t	17.7019711
37	38	th	13.5683289
37	38	uw	9.43850517
37	38	v	15.5231123
37	38	w	0.000696000003
37	38	z	17.7139759
38	39	ah	6.48813486
38	39	ao	5.77620983
38	39	ax	14.724885
38	39	ay	10.3391018
38	39	eh	11.2325125
38	39	ey	17.7854748
38	39	f	16.872879
38	39	ih	16.1836376
38	39	iy	17.2061443
38	39	k	22.3044567
38	39	n	10.7580166
38	39	ow	8.01856232
38	39	r	10.537591
38	39	s	16.6271629
38	39	SIL	11.8283596
38	39	t	16.4870281
38	39	th	11.787447
38	39	uw	10.8422422
38	39	v	16.7436295
38	39	w	0.0050929999
38	39	z	17.1849689
39	40	ah	4.579319
39	40	ao	5.5287118
39	40	ax	13.4752131
39	40	ay	11.9428434
39	40	eh	10.9653778
39	40	ey	17.6641636
39	40	f	16.9466934
39	40	ih	16.4554768
39	40	iy	16.826107
39	40	k	23.0093517
39	40	n	10.6797485
39	40	ow	7.46472883
39	40	r	10.5480652
39	40	s	16.0304451
39	40	SIL	12.6153927
39	40	t	15.3273811
39	40	th	13.0632868
39	40	uw	11.6139193
39	40	v	16.1673775
39	40	w	0.0150079997
39	40	z	17.1421833
40	41	ah	3.16487098
40	41	ao	6.00328493
40	41	ax	11.4086056
40	41	ay	11.8395987
40	41	eh	11.0844784
40	41	ey	16.6998367
40	41	f	16.7586975
40	41	ih	16.9955463
40	41	iy	16.782486
40	41	k	22.0797291
40	41	n	9.63338089
40	41	ow	7.34842396
40	41	r	10.199687
40	41	s	16.2912331
40	41	SIL	12.1658897
40	41	t	14.0885296
40	41	th	12.6864347
40	41	uw	12.1704025
40	41	v	13.9978962
40	41	w	0.0465530008
40	41	z	16.9777107
41	42	ah	1.11482406
41	42	ao	5.31407022
41	42	ax	8.50239086
41	42	ay	11.5602798
41	42	eh	12.072834
41	42	ey	15.073472
41	42	f	17.9146099
41	42	ih	17.4296741
41	42	iy	16.7322845
41	42	k	23.2386494
41	42	n	8.94152641
41	42	ow	5.57299089
41	42	r	9.24464893
41	42	s	16.2413635
41	42	SIL	10.9264193
41	42	t	13.7123594
41	42	th	11.8221874
41	42	uw	10.1854334
41	42	v	12.5627251
41	42	w	0.411294013
41	42	z	17.6260815
42	43	ah	0.343172997
42	43	ao	6.38720322
42	43	ax	8.43171978
42	43	ay	10.4663153
42	43	eh	11.9299688
42	43	ey	13.2774429
42	43	f	17.2823124
42	43	ih	17.5574493
42	43	iy	16.2762451
42	43	k	22.9104137
42	43	n	9.92191505
42	43	ow	5.09507608
42	43	r	8.31011868
42	43	s	16.5344582
42	43	SIL	10.5905895
42	43	t	12.7599869
42	43	th	11.079381
42	43	uw	10.5595703
42	43	v	11.781414
42	43	w	1.265679
42	43	z	17.8293247
43	44	ah	0.0898139998
43	44	ao	8.89706421
43	44	ax	7.39573193
43	44	ay	8.97082329
43	44	eh	10.006671
43	44	ey	12.6887646
43	44	f	15.6850071
43	44	ih	16.8990211
43	44	iy	16.4088993
43	44	k	21.6175156
43	44	n	9.27809906
43	44	ow	6.22322989
43	44	r	9.24095058
43	44	s	14.9775877
43	44	SIL	10.497797
43	44	t	12.2425175
43	44	th	10.7847042
43	44	uw	12.1383905
43	44	v	9.42602253
43	44	w	2.4930191
43	44	z	15.9312916
44	45	ah	0.0235149991
44	45	ao	11.8034916
44	45	ax	8.05993271
44	45	ay	8.55425453
44	45	eh	12.0991201
44	45	ey	12.4675217
44	45	f	15.1858416
44	45	ih	18.4322128
44	45	iy	15.8373537
44	45	k	21.8220844
44	45	n	7.34147596
44	45	ow	5.76100397
44	45	r	10.4867582
44	45	s	14.8078747
44	45	SIL	9.37848282
44	45	t	12.8676996
44	45	th	12.9132929
44	45	uw	12.4485378
44	45	v	9.29471207
44	45	w	3.97897696
44	45	z	15.1890821
45	46	ah	0.0366640016
45	46	ao	12.7231598
45	46	ax	8.34175396
45	46	ay	7.16216707
45	46	eh	14.0607252
45	46	ey	10.3953514
45	46	f	14.7138119
45	46	ih	17.5425415
45	46	iy	13.236372
45	46	k	20.1554737
45	46	n	4.06162882
45	46	ow	4.23418713
45	46	r	9.57150078
45	46	s	14.4325094
45	46	SIL	8.05050659
45	46	t	12.789772
45	46	th	13.701931
45	46	uw	11.9500446
45	46	v	8.58632088
45	46	w	5.93295717
45	46	z	14.4959993
46	47	ah	0.642561972
46	47	ao	12.936862
46	47	ax	7.95253801
46	47	ay	6.62343979
46	47	eh	16.1251049
46	47	ey	8.35904026
46	47	f	13.5715437
46	47	ih	16.4069347
46	47	iy	9.56704807
46	47	k	18.5859222
46	47	n	1.034531
46	47	ow	2.17438102
46	47	r	7.9492712
46	47	s	14.3702068
46	47	SIL	6.64548779
46	47	t	9.66698742
46	47	th	12.289669
46	47	uw	9.44427586
46	47	v	7.82647419
46	47	w	7.13603687
46	47	z	13.6027393
47	48	ah	2.13414311
47	48	ao	12.8913946
47	48	ax	6.645473
47	48	ay	6.25860786
47	48	eh	15.6889544
47	48	ey	9.57508087
47	48	f	14.2969503
47	48	ih	15.0527277
47	48	iy	8.13982773
47	48	k	17.011734
47	48	n	0.302486986
47	48	ow	2.04767704
47	48	r	6.61123705
47	48	s	13.8935089
47	48	SIL	5.58033323
47	48	t	8.81825638
47	48	th	12.1775141
47	48	uw	8.51037979
47	48	v	5.44368887
47	48	w	8.25122738
47	48	z	11.9474525
48	49	ah	4.42597294
48	49	ao	14.6800108
48	49	ax	5.45202303
48	49	ay	6.32577085
48	49	eh	16.9341564
48	49	ey	10.0750732
48	49	f	15.2867146
48	49	ih	13.9572906
48	49	iy	9.11577797
48	49	k	17.1400127
48	49	n	0.0399760008
48	49	ow	5.14806604
48	49	r	7.16163206
48	49	s	14.9628878
48	49	SIL	5.32313919
48	49	t	10.260376
48	49	th	12.7753134
48	49	uw	8.91731453
48	49	v	4.68058681
48	49	w	9.72908974
48	49	z	10.5877542
49	50	ah	7.02825785
49	50	ao	17.0857773
49	50	ax	6.13954782
49	50	ay	7.23965979
49	50	eh	18.2379169
49	50	ey	12.4101343
49	50	f	14.8705597
49	50	ih	13.922946
49	50	iy	6.64260197
49	50	k	18.1032238
49	50	n	0.0298149996
49	50	ow	6.73550797
49	50	r	6.70228386
49	50	s	15.5518761
49	50	SIL	4.3914938
49	50	t	10.9887648
49	50	th	13.0880518
49	50	uw	5.10131121
49	50	v	5.71964693
49	50	w	10.660677
49	50	z	9.25933838
50	51	ah	7.51898193
50	51	ao	18.890667
50	51	ax	5.53471422
50	51	ay	7.368783
50	51	eh	17.2378139
50	51	ey	12.5541162
50	51	f	15.113225
50	51	ih	13.7838926
50	51	iy	4.71456909
50	51	k	16.9270592
50	51	n	0.146613002
50	51	ow	7.22840691
50	51	r	6.009655
50	51	s	14.9941044
50	51	SIL	3.91533208
50	51	t	9.45061588
50	51	th	12.2728186
50	51	uw	2.3692131
50	51	v	5.22246599
50	51	w	10.7393007
50	51	z	9.07242107
51	52	ah	9.39007092
51	52	ao	19.0007858
51	52	ax	6.02843523
51	52	ay	7.36432505
51	52	eh	16.3032513
51	52	ey	12.139328
51	52	f	14.1344004
51	52	ih	11.4254313
51	52	iy	3.66506696
51	52	k	15.4958305
51	52	n	0.437557012
51	52	ow	6.50795078
51	52	r	5.92817593
51	52	s	12.5841599
51	52	SIL	3.30955195
51	52	t	9.09651566
51	52	th	11.9975061
51	52	uw	1.27770102
51	52	v	5.09700108
51	52	w	12.2466908
51	52	z	10.2222233
52	53	ah	11.0275917
52	53	ao	18.8550453
52	53	ax	6.69742918
52	53	ay	8.62445164
52	53	eh	16.669466
52	53	ey	12.3547783
52	53	f	13.6711378
52	53	ih	11.3853712
52	53	iy	3.42829704
52	53	k	15.3986149
52	53	n	0.64338702
52	53	ow	5.91177893
52	53	r	6.05104923
52	53	s	12.2896538
52	53	SIL	2.56262898
52	53	t	8.673913
52	53	th	11.4985676
52	53	uw	1.04081094
52	53	v	5.28870487
52	53	w	12.9631224
52	53	z	10.3350811
53	54	ah	12.8807907
53	54	ao	18.7431297
53	54	ax	7.64094782
53	54	ay	9.82199764
53	54	eh	17.8590813
53	54	ey	12.1073427
53	54	f	13.428092
53	54	ih	10.9848852
53	54	iy	4.04741287
53	54	k	13.9200439
53	54	n	1.199175
53	54	ow	5.92549276
53	54	r	6.64509487
53	54	s	11.8531942
53	54	SIL	2.110708
53	54	t	7.00422001
53	54	th	9.55348301
53	54	uw	0.595897019
53	54	v	5.72561216
53	54	w	13.9094467
53	54	z	9.33844662
54	55	ah	14.5934019
54	55	ao	19.0440922
54	55	ax	8.2250967
54	55	ay	10.2950897
54	55	eh	19.1816826
54	55	ey	12.0866241
54	55	f	12.7656126
54	55	ih	9.26793957
54	55	iy	5.39437389
54	55	k	11.2902079
54	55	n	1.55636799
54	55	ow	5.74564123
54	55	r	7.06609297
54	55	s	11.0807457
54	55	SIL	1.02130401
54	55	t	5.30775213
54	55	th	8.20812702
54	55	uw	0.892042994
54	55	v	5.35382223
54	55	w	15.6532164
54	55	z	8.64509773
55	56	ah	15.7351065
55	56	ao	19.9331322
55	56	ax	8.4666729
55	56	ay	9.40868282
55	56	eh	19.6565819
55	56	ey	12.6447086
55	56	f	13.6097784
55	56	ih	9.20794201
55	56	iy	5.96145678
55	56	k	10.0291414
55	56	n	1.46983695
55	56	ow	6.30722523
55	56	r	7.36749697
55	56	s	11.4715996
55	56	SIL	0.528407991
55	56	t	4.9473052
55	56	th	7.69194984
55	56	uw	1.80490696
55	56	v	5.85276699
55	56	w	17.5998802
55	56	z	9.30157566
56	57	ah	15.8597488
56	57	ao	20.9891987
56	57	ax	9.79505539
56	57	ay	9.57719707
56	57	eh	21.7700653
56	57	ey	14.5414743
56	57	f	14.1312027
56	57	ih	12.3049774
56	57	iy	6.62898016
56	57	k	10.170536
56	57	n	1.78964102
56	57	ow	7.71606302
56	57	r	9.93554974
56	57	s	12.65242
56	57	SIL	0.252133012
56	57	t	3.80841208
56	57	th	7.84052992
56	57	uw	3.50305009
56	57	v	6.75712585
56	57	w	16.7307281
56	57	z	12.0079021
57	58	ah	16.2826939
57	58	ao	21.4870872
57	58	ax	11.31042
57	58	ay	9.85523033
57	58	eh	22.3513737
57	58	ey	14.4246616
57	58	f	12.2731953
57	58	ih	13.7160378
57	58	iy	6.54616785
57	58	k	10.8396273
57	58	n	1.06017101
57	58	ow	8.6707201
57	58	r	11.9192543
57	58	s	13.2919312
57	58	SIL	0.508782029
57	58	t	3.19795108
57	58	th	7.75054693
57	58	uw	4.74716997
57	58	v	7.24270201
57	58	w	18.8650017
57	58	z	13.3763905
58	59	ah	16.4805832
58	59	ao	20.8026752
58	59	ax	13.0224266
58	59	ay	10.4085989
58	59	eh	22.4130726
58	59	ey	13.5698814
58	59	f	9.91254234
58	59	ih	13.9825335
58	59	iy	7.33400011
58	59	k	11.3588371
58	59	n	1.87273598
58	59	ow	10.045002
58	59	r	13.1338053
58	59	s	12.6605787
58	59	SIL	0.233769998
58	59	t	3.06892705
58	59	th	8.62925434
58	59	uw	5.01304483
58	59	v	7.33021212
58	59	w	19.7480354
58	59	z	14.9100494
59	60	ah	17.4140644
59	60	ao	19.7226009
59	60	ax	14.7053194
59	60	ay	11.9759378
59	60	eh	20.1743851
59	60	ey	12.4751663
59	60	f	9.45366669
59	60	ih	15.3550272
59	60	iy	9.19076347
59	60	k	12.2897015
59	60	n	4.36648893
59	60	ow	10.2514772
59	60	r	14.054491
59	60	s	11.7572231
59	60	SIL	0.0236319993
59	60	t	4.78000307
59	60	th	10.4460258
59	60	uw	7.34950781
59	60	v	6.60661077
59	60	w	21.9192886
59	60	z	15.9885569
60	61	ah	19.1944637
60	61	ao	20.9412479
60	61	ax	16.7579079
60	61	ay	13.7486305
60	61	eh	19.8922157
60	61	ey	15.2555304
60	61	f	10.5581951
60	61	ih	17.5727501
60	61	iy	10.5212336
60	61	k	12.3739471
60	61	n	7.33115196
60	61	ow	13.4427986
60	61	r	14.9010019
60	61	s	11.520647
60	61	SIL	0.00355000002
60	61	t	6.184412
60	61	th	10.5894661
60	61	uw	11.622056
60	61	v	7.23265219
60	61	w	22.40588
60	61	z	16.5942516
61	62	ah	18.8909912
61	62	ao	20.0464649
61	62	ax	17.5203533
61	62	ay	11.7489538
61	62	eh	19.5510635
61	62	ey	15.7300491
61	62	f	10.5483246
61	62	ih	17.9462051
61	62	iy	9.85833073
61	62	k	11.7811995
61	62	n	7.82855892
61	62	ow	14.8871498
61	62	r	13.8962011
61	62	s	11.5480509
61	62	SIL	0.00300500006
61	62	t	6.42353916
61	62	th	9.91064167
61	62	uw	14.4472952
61	62	v	7.10178995
61	62	w	21.1951218
61	62	z	16.3703632
62	63	ah	19.3062458
62	63	ao	19.0562496
62	63	ax	17.3971272
62	63	ay	10.9489098
62	63	eh	20.294754
62	63	ey	15.8511429
62	63	f	9.52967262
62	63	ih	17.6193523
62	63	iy	10.9447584
62	63	k	11.9441977
62	63	n	7.8612442
62	63	ow	14.2727718
62	63	r	14.1350336
62	63	s	11.4650192
62	63	SIL	0.00245800009
62	63	t	6.67100906
62	63	th	10.0858116
62	63	uw	15.0887604
62	63	v	7.36327505
62	63	w	22.9645748
62	63	z	16.6924953
63	64	ah	19.9732647
63	64	ao	17.1743031
63	64	ax	16.703249
63	64	ay	11.7166634
63	64	eh	20.063076
63	64	ey	17.3438759
63	64	f	7.6188302
63	64	ih	17.1910439
63	64	iy	12.8029022
63	64	k	11.9696836
63	64	n	7.8954711
63	64	ow	12.1075258
63	64	r	14.3155384
63	64	s	10.4032001
63	64	SIL	0.00324900006
63	64	t	7.30787802
63	64	th	9.83732891
63	64	uw	13.3633127
63	64	v	6.43731213
63	64	w	23.7974796
63	64	z	16.4933643
64	65	ah	19.2760506
64	65	ao	16.0512028
64	65	ax	15.1196365
64	65	ay	12.9224129
64	65	eh	19.2901745
64	65	ey	18.2419758
64	65	f	7.06358624
64	65	ih	16.250967
64	65	iy	14.2447681
64	65	k	11.0563116
64	65	n	7.94620419
64	65	ow	10.6137428
64	65	r	14.4194021
64	65	s	9.5085001
64	65	SIL	0.0070150001
64	65	t	6.87231588
64	65	th	9.26896
64	65	uw	10.9492416
64	65	v	5.40055323
64	65	w	23.3277779
64	65	z	16.3548145
65	66	ah	19.0527782
65	66	ao	15.8277407
65	66	ax	15.1722851
65	66	ay	12.2060413
65	66	eh	19.0930424
65	66	ey	18.1852016
65	66	f	7.34888601
65	66	ih	15.1270428
65	66	iy	14.2351065
65	66	k	11.0771904
65	66	n	8.20419407
65	66	ow	11.3204517
65	66	r	13.8559418
65	66	s	9.41651535
65	66	SIL	0.00448099989
65	66	t	7.75367308
65	66	th	9.62754631
65	66	uw	11.4880247
65	66	v	5.83182621
65	66	w	23.4284611
65	66	z	16.4871521
66	67	ah	18.2548962
66	67	ao	15.4157124
66	67	ax	15.0718994
66	67	ay	11.1004448
66	67	eh	19.9431057
66	67	ey	18.0417671
66	67	f	7.54027414
66	67	ih	14.3008556
66	67	iy	13.7496357
66	67	k	10.6359291
66	67	n	7.36550713
66	67	ow	11.737277
66	67	r	13.3361902
66	67	s	9.31474495
66	67	SIL	0.00295000011
66	67	t	8.18844223
66	67	th	9.45426369
66	67	uw	11.8979254
66	67	v	6.66240978
66	67	w	22.2961216
66	67	z	16.6795368
67	68	ah	18.4657688
67	68	ao	14.605772
67	68	ax	16.0885754
67	68	ay	10.8739386
67	68	eh	21.4267864
67	68	ey	17.8458366
67	68	f	7.71795177
67	68	ih	14.054987
67	68	iy	13.8274374
67	68	k	10.5774622
67	68	n	7.79485893
67	68	ow	11.22402
67	68	r	12.1923008
67	68	s	9.12741947
67	68	SIL	0.00185999996
67	68	t	8.47141361
67	68	th	9.37856483
67	68	uw	11.081171
67	68	v	7.56524801
67	68	w	22.3400936
67	68	z	16.8431816
68	69	ah	19.1313248
68	69	ao	15.2995377
68	69	ax	17.2056713
68	69	ay	11.7796373
68	69	eh	22.2466145
68	69	ey	18.5949459
68	69	f	7.96707916
68	69	ih	14.6696367
68	69	iy	14.4393282
68	69	k	10.6412363
68	69	n	8.80631828
68	69	ow	11.5970936
68	69	r	12.2246761
68	69	s	9.05050755
68	69	SIL	0.00128700002
68	69	t	8.55589199
68	69	th	9.77050686
68	69	uw	11.3191509
68	69	v	7.91951609
68	69	w	23.0883675
68	69	z	17.1132183
69	70	ah	18.6887264
69	70	ao	15.2053766
69	70	ax	17.3329067
69	70	ay	12.536232
69	70	eh	21.7269039
69	70	ey	19.0335941
69	70	f	8.09676075
69	70	ih	14.9777269
69	70	iy	14.7374687
69	70	k	10.1633148
69	70	n	9.25463486
69	70	ow	11.825716
69	70	r	11.640398
69	70	s	8.85976315
69	70	SIL	0.00153699995
69	70	t	7.84028196
69	70	th	9.06760883
69	70	uw	10.5804167
69	70	v	7.82303476
69	70	w	22.7449074
69	70	z	16.9260883
70	71	ah	18.2832947
70	71	ao	14.775404
70	71	ax	18.211565
70	71	ay	11.2868509
70	71	eh	20.2734699
70	71	ey	18.8878651
70	71	f	8.11511993
70	71	ih	14.1635075
70	71	iy	14.0618763
70	71	k	9.62227058
70	71	n	9.71768761
70	71	ow	12.8281431
70	71	r	11.0427208
70	71	s	8.18219757
70	71	SIL	0.00165700004
70	71	t	8.03563976
70	71	th	8.71360779
70	71	uw	11.6666965
70	71	v	7.77424812
70	71	w	21.461298
70	71	z	16.0268764
71	72	ah	17.7607899
71	72	ao	14.8788061
71	72	ax	17.9422455
71	72	ay	11.3157082
71	72	eh	18.7478409
71	72	ey	18.2056332
71	72	f	8.31710434
71	72	ih	13.4959698
71	72	iy	13.6351089
71	72	k	9.69273567
71	72	n	9.52594471
71	72	ow	14.0057936
71	72	r	12.4907303
71	72	s	7.95871401
71	72	SIL	0.00162700005
71	72	t	7.92404699
71	72	th	9.36837578
71	72	uw	13.1074886
71	72	v	7.75832415
71	72	w	20.0962048
71	72	z	15.4707832
72	73	ah	17.7461681
72	73	ao	15.4503412
72	73	ax	17.8430843
72	73	ay	11.7676706
72	73	eh	18.5356159
72	73	ey	18.8306732
72	73	f	8.44059467
72	73	ih	13.3963871
72	73	iy	13.6505184
72	73	k	9.72862911
72	73	n	9.07757568
72	73	ow	14.8426342
72	73	r	13.8723173
72	73	s	7.95019007
72	73	SIL	0.00144000002
72	73	t	8.08474731
72	73	th	9.73875141
72	73	uw	13.9045916
72	73	v	8.05671597
72	73	w	19.8900356
72	73	z	15.9361467
73	
