0	1	ah	19.0183468
0	1	ao	16.2734261
0	1	ax	16.4020538
0	1	ay	12.4191122
0	1	eh	21.1103497
0	1	ey	15.9690351
0	1	f	9.69362831
0	1	ih	14.7126369
0	1	iy	14.6566391
0	1	k	11.7478981
0	1	n	8.17350674
0	1	ow	12.6935339
0	1	r	14.6418076
0	1	s	10.609725
0	1	SIL	0.00150200003
0	1	t	7.38545418
0	1	th	7.85091877
0	1	uw	11.6126108
0	1	v	9.24077892
0	1	w	22.000721
0	1	z	14.0993004
1	2	ah	18.4908638
1	2	ao	16.2953911
1	2	ax	15.793251
1	2	ay	11.9743118
1	2	eh	20.8026867
1	2	ey	15.4888277
1	2	f	9.19914913
1	2	ih	14.3635139
1	2	iy	14.8063745
1	2	k	11.4601126
1	2	n	7.83439398
1	2	ow	12.508831
1	2	r	14.1133394
1	2	s	10.2276888
1	2	SIL	0.00194999995
1	2	t	7.10072899
1	2	th	8.0639286
1	2	uw	11.6195307
1	2	v	8.31914043
1	2	w	21.9323025
1	2	z	14.1288929
2	3	ah	18.3954372
2	3	ao	15.7055922
2	3	ax	15.9882135
2	3	ay	11.184597
2	3	eh	20.7298336
2	3	ey	15.1894493
2	3	f	9.10299969
2	3	ih	14.5758209
2	3	iy	14.3481379
2	3	k	12.0136442
2	3	n	8.06254864
2	3	ow	12.4862528
2	3	r	13.2225885
2	3	s	10.2182312
2	3	SIL	0.00176400004
2	3	t	7.34230518
2	3	th	8.43910885
2	3	uw	11.7978468
2	3	v	7.82422209
2	3	w	21.4418488
2	3	z	13.8454103
3	4	ah	18.8818169
3	4	ao	15.3836403
3	4	ax	16.0783348
3	4	ay	11.5058966
3	4	eh	21.2692528
3	4	ey	15.0864859
3	4	f	9.58717918
3	4	ih	14.6343164
3	4	iy	14.1087065
3	4	k	12.8027153
3	4	n	7.7583642
3	4	ow	12.4874191
3	4	r	13.2112322
3	4	s	10.5633154
3	4	SIL	0.00142099999
3	4	t	7.78017521
3	4	th	8.403265
3	4	uw	11.9110413
3	4	v	8.38563824
3	4	w	21.3335629
3	4	z	13.7843943
4	5	ah	19.4954205
4	5	ao	16.0053959
4	5	ax	16.4289474
4	5	ay	11.8236446
4	5	eh	20.9739342
4	5	ey	15.4253263
4	5	f	9.66005325
4	5	ih	14.7197495
4	5	iy	14.0735426
4	5	k	12.9172249
4	5	n	7.98529577
4	5	ow	12.6839628
4	5	r	13.8005476
4	5	s	10.6991119
4	5	SIL	0.00133700005
4	5	t	7.72302723
4	5	th	8.4815979
4	5	uw	12.3780527
4	5	v	8.34046078
4	5	w	21.8803062
4	5	z	13.810648
5	6	ah	19.5030823
5	6	ao	16.2337666
5	6	ax	15.9705496
5	6	ay	12.3670044
5	6	eh	20.4759979
5	6	ey	15.6534796
5	6	f	10.030942
5	6	ih	14.6431952
5	6	iy	13.8323336
5	6	k	12.1403074
5	6	n	7.75605822
5	6	ow	12.490097
5	6	r	13.7271786
5	6	s	10.7970362
5	6	SIL	0.00182300003
5	6	t	7.14812803
5	6	th	8.28605747
5	6	uw	12.1259384
5	6	v	8.22234631
5	6	w	22.2627068
5	6	z	14.1471729
6	7	ah	19.2166634
6	7	ao	16.7505226
6	7	ax	15.6916704
6	7	ay	11.7624569
6	7	eh	20.2148819
6	7	ey	15.6655045
6	7	f	9.51849747
6	7	ih	14.5230198
6	7	iy	13.7452946
6	7	k	11.8683977
6	7	n	7.51371479
6	7	ow	12.3626604
6	7	r	13.4444094
6	7	s	10.7403183
6	7	SIL	0.00200399989
6	7	t	7.44409704
6	7	th	8.79244041
6	7	uw	12.5568771
6	7	v	7.42120886
6	7	w	22.435854
6	7	z	14.7245321
7	8	ah	19.5464516
7	8	ao	16.3900738
7	8	ax	16.2789288
7	8	ay	11.7103291
7	8	eh	20.4480362
7	8	ey	14.8102217
7	8	f	9.70905399
7	8	ih	14.1675806
7	8	iy	13.1822767
7	8	k	12.1119146
7	8	n	7.81798983
7	8	ow	12.1464949
7	8	r	12.7683382
7	8	s	10.9915686
7	8	SIL	0.00138899998
7	8	t	7.79587507
7	8	th	9.27057362
7	8	uw	12.6767673
7	8	v	7.89045906
7	8	w	22.5306206
7	8	z	14.7564182
8	9	ah	20.0940075
8	9	ao	15.7665901
8	9	ax	16.9360218
8	9	ay	11.915906
8	9	eh	20.6282253
8	9	ey	14.5911493
8	9	f	9.62838459
8	9	ih	13.7201538
8	9	iy	13.2306395
8	9	k	11.6826534
8	9	n	8.53355312
8	9	ow	11.7785835
8	9	r	12.7060804
8	9	s	10.6479273
8	9	SIL	0.00125900004
8	9	t	7.39074993
8	9	th	9.70973396
8	9	uw	12.2427349
8	9	v	8.25795269
8	9	w	22.790781
8	9	z	14.7992954
9	10	ah	20.7737732
9	10	ao	16.558424
9	10	ax	17.6511841
9	10	ay	12.2890472
9	10	eh	20.2213917
9	10	ey	15.2168312
9	10	f	9.94650269
9	10	ih	13.7433443
9	10	iy	13.8980312
9	10	k	11.4181137
9	10	n	9.12949371
9	10	ow	11.6346483
9	10	r	13.8689108
9	10	s	10.5064459
9	10	SIL	0.000862999994
9	10	t	7.79451799
9	10	th	9.39299107
9	10	uw	12.8261576
9	10	v	8.78476048
9	10	w	22.6039314
9	10	z	14.5979433
10	11	ah	20.7171364
10	11	ao	16.8066292
10	11	ax	17.3002663
10	11	ay	12.3903217
10	11	eh	19.3459835
10	11	ey	15.9097233
10	11	f	9.51598454
10	11	ih	12.3879938
10	11	iy	14.365118
10	11	k	9.90243721
10	11	n	9.13045216
10	11	ow	11.4645653
10	11	r	13.845293
10	11	s	9.51941967
10	11	SIL	0.00127200002
10	11	t	7.73945189
10	11	th	7.98557091
10	11	uw	12.2750607
10	11	v	8.71156502
10	11	w	21.3965816
10	11	z	14.3064337
11	12	ah	19.5887775
11	12	ao	16.4116764
11	12	ax	17.6027603
11	12	ay	11.6882687
11	12	eh	18.5692577
11	12	ey	14.4002733
11	12	f	8.09073067
11	12	ih	10.3444071
11	12	iy	13.9330654
11	12	k	7.65019083
11	12	n	8.23148727
11	12	ow	10.7546053
11	12	r	12.539238
11	12	s	8.52048683
11	12	SIL	0.00792900007
11	12	t	5.64794207
11	12	th	5.93648195
11	12	uw	10.8514433
11	12	v	7.83316803
11	12	w	19.7077408
11	12	z	13.8910408
12	13	ah	19.2854481
12	13	ao	16.4508305
12	13	ax	18.2450333
12	13	ay	11.336853
12	13	eh	19.0014477
12	13	ey	14.2055597
12	13	f	8.02870941
12	13	ih	9.81311035
12	13	iy	14.2729359
12	13	k	7.01987791
12	13	n	7.82672787
12	13	ow	11.7214241
12	13	r	12.8606863
12	13	s	9.05922127
12	13	SIL	0.011066
12	13	t	5.11142302
12	13	th	5.80559921
12	13	uw	10.6955109
12	13	v	8.94705677
12	13	w	18.490942
12	13	z	14.6357327
13	14	ah	19.8614159
13	14	ao	18.0040932
13	14	ax	19.4797916
13	14	ay	12.3324099
13	14	eh	19.6746311
13	14	ey	15.0349274
13	14	f	8.24615574
13	14	ih	10.4622736
13	14	iy	15.4557972
13	14	k	6.75020599
13	14	n	8.97772026
13	14	ow	13.377099
13	14	r	13.9438419
13	14	s	9.31905556
13	14	SIL	0.00896400027
13	14	t	5.09328222
13	14	th	6.90612984
13	14	uw	10.5826941
13	14	v	9.51150131
13	14	w	18.7304764
13	14	z	16.3421059
14	15	ah	20.5581264
14	15	ao	18.6403046
14	15	ax	20.0172062
14	15	ay	12.6777172
14	15	eh	19.7177658
14	15	ey	15.4064655
14	15	f	7.62353802
14	15	ih	11.022172
14	15	iy	16.1634674
14	15	k	7.0776968
14	15	n	9.81355762
14	15	ow	13.7358875
14	15	r	14.3830843
14	15	s	8.81894112
14	15	SIL	0.0047530001
14	15	t	5.89590502
14	15	th	8.01869392
14	15	uw	11.0651588
14	15	v	9.32615757
14	15	w	19.1742401
14	15	z	16.9306526
15	16	ah	20.3801517
15	16	ao	18.6891308
15	16	ax	20.1448517
15	16	ay	12.427577
15	16	eh	19.1547546
15	16	ey	15.0540361
15	16	f	8.06724739
15	16	ih	10.9214888
15	16	iy	16.2073517
15	16	k	7.54238319
15	16	n	10.2317019
15	16	ow	13.6816378
15	16	r	14.3332014
15	16	s	9.21080971
15	16	SIL	0.00294400007
15	16	t	6.43019485
15	16	th	8.34401798
15	16	uw	11.7752647
15	16	v	9.4566803
15	16	w	18.1678314
15	16	z	15.6763926
16	17	ah	19.0182495
16	17	ao	17.5328541
16	17	ax	19.7794876
16	17	ay	11.0433493
16	17	eh	19.7217636
16	17	ey	14.2924633
16	17	f	8.06795502
16	17	ih	11.2465124
16	17	iy	15.4906244
16	17	k	7.50921917
16	17	n	9.02956009
16	17	ow	13.5070419
16	17	r	14.5577593
16	17	s	9.79223347
16	17	SIL	0.00234699994
16	17	t	6.84359217
16	17	th	8.87686253
16	17	uw	12.966898
16	17	v	9.62096214
16	17	w	16.113184
16	17	z	14.9489174
17	18	ah	19.1749115
17	18	ao	18.5451145
17	18	ax	21.064045
17	18	ay	12.2422819
17	18	eh	21.4524727
17	18	ey	13.7660818
17	18	f	9.58582306
17	18	ih	11.7982492
17	18	iy	14.7796888
17	18	k	6.87014818
17	18	n	11.0481405
17	18	ow	13.9064617
17	18	r	13.7003164
17	18	s	10.5736046
17	18	SIL	0.00227200007
17	18	t	6.93266821
17	18	th	9.18321037
17	18	uw	14.1295948
17	18	v	10.5897713
17	18	w	15.2896576
17	18	z	13.7209578
18	19	ah	21.0921497
18	19	ao	20.5879307
18	19	ax	22.2093372
18	19	ay	14.3617916
18	19	eh	22.6785107
18	19	ey	12.734808
18	19	f	11.1741104
18	19	ih	14.1729269
18	19	iy	15.7993383
18	19	k	7.76230478
18	19	n	12.7665625
18	19	ow	13.4305992
18	19	r	13.640336
18	19	s	11.1814423
18	19	SIL	0.00155699998
18	19	t	6.88143301
18	19	th	9.77488708
18	19	uw	15.4978104
18	19	v	12.3582497
18	19	w	16.3044853
18	19	z	12.4349279
19	20	ah	21.7683334
19	20	ao	22.8609447
19	20	ax	21.5322742
19	20	ay	15.4494829
19	20	eh	20.7509842
19	20	ey	11.9323683
19	20	f	13.4368353
19	20	ih	15.6610851
19	20	iy	15.4673586
19	20	k	6.61689806
19	20	n	11.3528175
19	20	ow	11.9286728
19	20	r	13.0967436
19	20	s	9.06398106
19	20	SIL	0.00345299998
19	20	t	6.29161978
19	20	th	10.8959885
19	20	uw	14.9606838
19	20	v	11.9705667
19	20	w	14.4411001
19	20	z	9.34410667
20	21	ah	20.3203583
20	21	ao	22.7252979
20	21	ax	20.0104198
20	21	ay	14.582015
20	21	eh	19.3297157
20	21	ey	12.5667229
20	21	f	12.3939962
20	21	ih	17.1622467
20	21	iy	15.2681742
20	21	k	7.30853891
20	21	n	9.39024258
20	21	ow	11.0758152
20	21	r	13.9340992
20	21	s	7.61410284
20	21	SIL	0.00519199995
20	21	t	6.01117086
20	21	th	9.5026083
20	21	uw	14.9420767
20	21	v	11.7953501
20	21	w	14.711194
20	21	z	6.5912118
21	22	ah	16.9417019
21	22	ao	19.295372
21	22	ax	17.9772987
21	22	ay	11.9907608
21	22	eh	13.3813152
21	22	ey	13.5284548
21	22	f	10.3111334
21	22	ih	14.7712374
21	22	iy	15.9977999
21	22	k	6.83830976
21	22	n	9.15173531
21	22	ow	8.2331028
21	22	r	13.0650959
21	22	s	3.91937494
21	22	SIL	0.0509909987
21	22	t	4.68979788
21	22	th	7.42964697
21	22	uw	12.9640293
21	22	v	10.2520704
21	22	w	13.9050779
21	22	z	3.98726106
22	23	ah	15.8835459
22	23	ao	19.0745449
22	23	ax	19.0668831
22	23	ay	10.3691721
22	23	eh	12.6177111
22	23	ey	14.421484
22	23	f	10.7764559
22	23	ih	16.0269718
22	23	iy	13.7089729
22	23	k	7.32549
22	23	n	8.03073597
22	23	ow	8.00977612
22	23	r	12.3274574
22	23	s	1.88740396
22	23	SIL	0.310642004
22	23	t	4.565207
22	23	th	6.85333776
22	23	uw	12.2277451
22	23	v	10.7859869
22	23	w	14.4284754
22	23	z	2.27602601
23	24	ah	16.9437428
23	24	ao	19.4059582
23	24	ax	21.5924473
23	24	ay	10.4858255
23	24	eh	13.6138678
23	24	ey	15.2306499
23	24	f	12.1721191
23	24	ih	18.0922928
23	24	iy	13.0731478
23	24	k	8.48725986
23	24	n	9.58745575
23	24	ow	8.66076946
23	24	r	13.7057838
23	24	s	0.367404014
23	24	SIL	2.57898307
23	24	t	5.99700785
23	24	th	7.05315781
23	24	uw	13.409585
23	24	v	11.5288296
23	24	w	16.360733
23	24	z	1.47941399
24	25	ah	19.2919827
24	25	ao	18.7344704
24	25	ax	20.9672623
24	25	ay	11.3546343
24	25	eh	14.1531134
24	25	ey	17.8214302
24	25	f	12.0691051
24	25	ih	19.815094
24	25	iy	13.4497766
24	25	k	8.063241
24	25	n	11.9697886
24	25	ow	11.178503
24	25	r	15.9550724
24	25	s	0.0886799991
24	25	SIL	6.02237701
24	25	t	6.87119913
24	25	th	5.32338476
24	25	uw	14.7093897
24	25	v	10.5454779
24	25	w	19.754343
24	25	z	2.57514596
25	26	ah	20.0109386
25	26	ao	15.8995113
25	26	ax	19.5296345
25	26	ay	15.1585579
25	26	eh	12.8510637
25	26	ey	17.1383495
25	26	f	13.5613194
25	26	ih	15.7740812
25	26	iy	15.9850845
25	26	k	7.55486393
25	26	n	15.3913994
25	26	ow	14.254653
25	26	r	16.3786411
25	26	s	0.0459339991
25	26	SIL	8.14232445
25	26	t	7.42377996
25	26	th	4.76812792
25	26	uw	13.9905682
25	26	v	10.1488914
25	26	w	20.4810257
25	26	z	3.35407305
26	27	ah	20.0993462
26	27	ao	16.0398464
26	27	ax	20.1707001
26	27	ay	16.2244759
26	27	eh	13.9333687
26	27	ey	17.4948959
26	27	f	15.112237
26	27	ih	15.7796984
26	27	iy	16.469759
26	27	k	9.36057377
26	27	n	16.2625999
26	27	ow	15.8953114
26	27	r	18.1503048
26	27	s	0.0352270007
26	27	SIL	9.23579884
26	27	t	9.29453754
26	27	th	7.92245293
26	27	uw	15.3526802
26	27	v	10.920599
26	27	w	20.4275246
26	27	z	3.38271499
27	28	ah	18.7779846
27	28	ao	16.6311874
27	28	ax	20.5468273
27	28	ay	17.6230831
27	28	eh	13.8390293
27	28	ey	16.2061825
27	28	f	17.6998386
27	28	ih	16.1770363
27	28	iy	14.7461548
27	28	k	11.7874613
27	28	n	17.9825954
27	28	ow	17.4088211
27	28	r	19.3127232
27	28	s	0.0384389982
27	28	SIL	10.1675377
27	28	t	8.57954979
27	28	th	11.7581854
27	28	uw	16.2819157
27	28	v	12.0436544
27	28	w	19.02388
27	28	z	3.284477
28	29	ah	17.5074577
28	29	ao	16.4681778
28	29	ax	19.2108517
28	29	ay	18.0501404
28	29	eh	14.0934763
28	29	ey	15.4632931
28	29	f	17.7962303
28	29	ih	16.6124229
28	29	iy	14.3792105
28	29	k	13.3215218
28	29	n	17.9424534
28	29	ow	17.9504185
28	29	r	20.2741871
28	29	s	0.00741499988
28	29	SIL	10.8798923
28	29	t	8.95513439
28	29	th	11.074913
28	29	uw	17.3850403
28	29	v	13.0542126
28	29	w	17.8009396
28	29	z	4.93104506
29	30	ah	22.153492
29	30	ao	19.4785423
29	30	ax	20.2322655
29	30	ay	21.0792961
29	30	eh	15.640543
29	30	ey	16.6602917
29	30	f	16.4336491
29	30	ih	15.9000521
29	30	iy	19.4831276
29	30	k	14.0375376
29	30	n	20.6695328
29	30	ow	19.4491405
29	30	r	22.822094
29	30	s	0.000216999993
29	30	SIL	12.9247341
29	30	t	9.02767944
29	30	th	13.4505663
29	30	uw	19.1238651
29	30	v	13.7749548
29	30	w	24.4614334
29	30	z	9.31076336
30	31	ah	17.9321117
30	31	ao	16.0631752
30	31	ax	15.7690239
30	31	ay	19.5362549
30	31	eh	12.8282204
30	31	ey	13.1141758
30	31	f	16.2528496
30	31	ih	11.5599794
30	31	iy	16.7166843
30	31	k	12.4756241
30	31	n	16.3496532
30	31	ow	15.4842882
30	31	r	19.3301506
30	31	s	0.00204499997
30	31	SIL	9.48423195
30	31	t	6.34348822
30	31	th	9.82919788
30	31	uw	15.2670183
30	31	v	12.5445566
30	31	w	20.9323311
30	31	z	8.93078041
31	32	ah	9.95016766
31	32	ao	10.5119638
31	32	ax	7.64813089
31	32	ay	12.2010479
31	32	eh	6.57706499
31	32	ey	12.0851679
31	32	f	12.8185244
31	32	ih	8.50185776
31	32	iy	13.2059793
31	32	k	11.5873232
31	32	n	9.43805981
31	32	ow	10.0150766
31	32	r	13.784337
31	32	s	0.0127140004
31	32	SIL	8.59756184
31	32	t	5.400383
31	32	th	5.74630594
31	32	uw	9.93301964
31	32	v	7.82981014
31	32	w	15.0385218
31	32	z	6.21673489
32	33	ah	7.90671492
32	33	ao	6.32963419
32	33	ax	7.06067419
32	33	ay	11.7145243
32	33	eh	4.26968098
32	33	ey	8.47957039
32	33	f	11.7308989
32	33	ih	2.1623311
32	33	iy	6.57612991
32	33	k	8.91227722
32	33	n	8.77419662
32	33	ow	7.53257322
32	33	r	7.72026587
32	33	s	0.332637995
32	33	SIL	6.24253988
32	33	t	3.57636499
32	33	th	4.38556814
32	33	uw	4.25498819
32	33	v	9.06348515
32	33	w	11.2193117
32	33	z	2.39324689
33	34	ah	10.2229061
33	34	ao	6.46424294
33	34	ax	10.8118477
33	34	ay	12.0188408
33	34	eh	10.72542
33	34	ey	9.17859745
33	34	f	13.8729391
33	34	ih	0.00827400014
33	34	iy	7.7077589
33	34	k	7.59021807
33	34	n	12.7862024
33	34	ow	10.6152334
33	34	r	6.74745798
33	34	s	6.12741709
33	34	SIL	9.80558968
33	34	t	7.99370098
33	34	th	9.83638573
33	34	uw	6.75976896
33	34	v	12.1393929
33	34	w	14.1270428
33	34	z	7.51861286
34	35	ah	11.2434101
34	35	ao	7.80417585
34	35	ax	9.40382671
34	35	ay	12.1002684
34	35	eh	11.2032852
34	35	ey	8.33055878
34	35	f	18.9077797
34	35	ih	0.001559
34	35	iy	8.83293438
34	35	k	11.9311924
34	35	n	12.928318
34	35	ow	10.3199406
34	35	r	8.21961689
34	35	s	10.2125645
34	35	SIL	14.6186476
34	35	t	12.4394684
34	35	th	15.9455214
34	35	uw	8.15211391
34	35	v	14.2297077
34	35	w	15.9585056
34	35	z	11.8631144
35	36	ah	9.25075626
35	36	ao	10.543829
35	36	ax	4.757617
35	36	ay	9.34252453
35	36	eh	8.95051003
35	36	ey	7.30246592
35	36	f	16.4464111
35	36	ih	0.0254870001
35	36	iy	9.03636074
35	36	k	12.1428356
35	36	n	6.9029479
35	36	ow	6.0732851
35	36	r	8.63652229
35	36	s	10.9462404
35	36	SIL	12.4332542
35	36	t	9.4181366
35	36	th	13.3539257
35	36	uw	4.43638277
35	36	v	11.5965872
35	36	w	14.0360918
35	36	z	13.244916
36	37	ah	9.25885773
36	37	ao	13.8478804
36	37	ax	4.43659401
36	37	ay	9.25592041
36	37	eh	7.81686401
36	37	ey	7.71999693
36	37	f	13.7763386
36	37	ih	0.173234001
36	37	iy	7.62470388
36	37	k	8.35809135
36	37	n	4.56322813
36	37	ow	4.68668222
36	37	r	6.02363205
36	37	s	8.88212967
36	37	SIL	8.95470047
36	37	t	7.58799219
36	37	th	10.3067703
36	37	uw	2.10192895
36	37	v	7.92411613
36	37	w	12.9241581
36	37	z	13.4890652
37	38	ah	10.8075676
37	38	ao	14.9269114
37	38	ax	5.33287096
37	38	ay	10.1404104
37	38	eh	9.91928101
37	38	ey	6.23804998
37	38	f	9.28985405
37	38	ih	0.116958998
37	38	iy	10.1736174
37	38	k	4.35977697
37	38	n	4.60469103
37	38	ow	3.44609499
37	38	r	4.83145094
37	38	s	8.95453167
37	38	SIL	6.69907093
37	38	t	4.59446287
37	38	th	7.89709902
37	38	uw	3.63889909
37	38	v	5.95207405
37	38	w	13.5427732
37	38	z	14.1429138
38	39	ah	9.89594364
38	39	ao	13.8177938
38	39	ax	3.84274197
38	39	ay	8.2124176
38	39	eh	8.9025259
38	39	ey	5.44081783
38	39	f	5.01553583
38	39	ih	2.18158102
38	39	iy	9.7978363
38	39	k	2.55986691
38	39	n	4.33842278
38	39	ow	1.59982502
38	39	r	1.83115005
38	39	s	7.05847788
38	39	SIL	3.91308689
38	39	t	3.06753492
38	39	th	4.76433277
38	39	uw	5.61121178
38	39	v	1.13285697
38	39	w	11.7431154
38	39	z	12.0693712
39	40	ah	15.5668821
39	40	ao	18.5886173
39	40	ax	8.97841167
39	40	ay	10.7692766
39	40	eh	13.8556662
39	40	ey	6.796422
39	40	f	5.84557009
39	40	ih	4.51731682
39	40	iy	8.79400539
39	40	k	0.269088
39	40	n	5.0105958
39	40	ow	6.11272812
39	40	r	3.53249192
39	40	s	9.0949173
39	40	SIL	3.99334502
39	40	t	2.31359696
39	40	th	5.02301311
39	40	uw	7.2085681
39	40	v	2.85084701
39	40	w	13.3417339
39	40	z	12.2260742
40	41	ah	19.5851498
40	41	ao	21.0303535
40	41	ax	14.1220541
40	41	ay	10.9602013
40	41	eh	17.1622925
40	41	ey	8.32765102
40	41	f	10.5264492
40	41	ih	7.58581209
40	41	iy	7.56479597
40	41	k	0.150893003
40	41	n	5.91525793
40	41	ow	7.90638494
40	41	r	4.21911001
40	41	s	10.3828278
40	41	SIL	5.03487921
40	41	t	2.32209611
40	41	th	7.7708602
40	41	uw	8.45562077
40	41	v	4.15247393
40	41	w	13.203969
40	41	z	12.9411659
41	42	ah	21.4289608
41	42	ao	24.2628498
41	42	ax	15.6487913
41	42	ay	14.1658669
41	42	eh	17.7115211
41	42	ey	9.46564579
41	42	f	13.8458862
41	42	ih	8.84124184
41	42	iy	7.50759983
41	42	k	0.0317980014
41	42	n	7.18275785
41	42	ow	8.48985291
41	42	r	6.22194815
41	42	s	8.68010139
41	42	SIL	6.06713104
41	42	t	3.745116
41	42	th	10.4942818
41	42	uw	10.110898
41	42	v	6.60442114
41	42	w	13.380106
41	42	z	10.4355335
42	43	ah	22.6995697
42	43	ao	24.7017384
42	43	ax	19.4085388
42	43	ay	14.2422428
42	43	eh	20.3722801
42	43	ey	10.1768904
42	43	f	13.8301477
42	43	ih	12.17272
42	43	iy	10.2634792
42	43	k	0.0045599998
42	43	n	9.1487093
42	43	ow	7.85796595
42	43	r	10.3582802
42	43	s	8.83856487
42	43	SIL	8.8366127
42	43	t	5.63866901
42	43	th	11.3184757
42	43	uw	13.8318367
42	43	v	9.77423668
42	43	w	14.9824438
42	43	z	10.5362921
43	44	ah	15.2206402
43	44	ao	19.1700745
43	44	ax	14.7338238
43	44	ay	8.56778908
43	44	eh	13.2894583
43	44	ey	7.65441704
43	44	f	9.04550838
43	44	ih	11.7722883
43	44	iy	9.00791359
43	44	k	0.0217790008
43	44	n	6.42494392
43	44	ow	5.57531118
43	44	r	8.44617844
43	44	s	7.03766489
43	44	SIL	7.23703909
43	44	t	4.365026
43	44	th	9.55016899
43	44	uw	9.63217068
43	44	v	8.31031895
43	44	w	8.68822765
43	44	z	8.87494659
44	45	ah	14.2361946
44	45	ao	15.5770121
44	45	ax	15.9049969
44	45	ay	8.27420998
44	45	eh	11.033
44	45	ey	9.05503941
44	45	f	7.84204006
44	45	ih	13.0360584
44	45	iy	7.26273203
44	45	k	0.0286960006
44	45	n	7.16287899
44	45	ow	6.53392982
44	45	r	7.92120123
44	45	s	4.19462919
44	45	SIL	7.040061
44	45	t	4.95113087
44	45	th	9.17230988
44	45	uw	8.46032619
44	45	v	9.52229309
44	45	w	9.70269299
44	45	z	7.21619701
45	46	ah	15.7326841
45	46	ao	15.4407139
45	46	ax	16.3157806
45	46	ay	10.5115452
45	46	eh	12.954113
45	46	ey	13.197423
45	46	f	9.86265182
45	46	ih	15.0854244
45	46	iy	8.48531914
45	46	k	0.389380008
45	46	n	12.3633385
45	46	ow	6.69277287
45	46	r	9.19128704
45	46	s	1.15562999
45	46	SIL	7.86846495
45	46	t	5.27816105
45	46	th	10.0513363
45	46	uw	11.7036953
45	46	v	10.9253798
45	46	w	16.5815029
45	46	z	7.65623379
46	47	ah	14.2278919
46	47	ao	16.5106754
46	47	ax	16.891634
46	47	ay	11.4928675
46	47	eh	15.7942257
46	47	ey	13.6630068
46	47	f	10.1706734
46	47	ih	16.0999393
46	47	iy	10.1530113
46	47	k	3.07431507
46	47	n	14.420145
46	47	ow	9.12522316
46	47	r	10.9924841
46	47	s	0.0498359986
46	47	SIL	6.94401312
46	47	t	7.06732321
46	47	th	10.0803862
46	47	uw	12.298543
46	47	v	10.7619085
46	47	w	16.101963
46	47	z	8.13542747
47	48	ah	11.9505091
47	48	ao	14.0617065
47	48	ax	18.9480801
47	48	ay	8.39229012
47	48	eh	19.9491863
47	48	ey	13.859869
47	48	f	9.79426956
47	48	ih	17.5950336
47	48	iy	10.2703056
47	48	k	5.8788538
47	48	n	11.594388
47	48	ow	11.9981565
47	48	r	12.6137314
47	48	s	0.00562199997
47	48	SIL	6.44776487
47	48	t	7.7580328
47	48	th	10.1061459
47	48	uw	12.0761499
47	48	v	9.49605942
47	48	w	13.5884247
47	48	z	8.01632595
48	49	ah	15.4115353
48	49	ao	16.3939133
48	49	ax	19.1884956
48	49	ay	10.8323002
48	49	eh	21.1200409
48	49	ey	14.058135
48	49	f	8.6163969
48	49	ih	17.0486107
48	49	iy	12.0930853
48	49	k	6.81232977
48	49	n	12.6056709
48	49	ow	12.9062614
48	49	r	14.1599274
48	49	s	0.0085049998
48	49	SIL	5.29360294
48	49	t	6.92397213
48	49	th	9.46474457
48	49	uw	11.6356955
48	49	v	8.48550797
48	49	w	15.4878197
48	49	z	7.06537294
49	50	ah	18.2784367
49	50	ao	18.2585831
49	50	ax	22.3481159
49	50	ay	15.9355173
49	50	eh	23.1681194
49	50	ey	14.3993979
49	50	f	11.2248821
49	50	ih	17.7707462
49	50	iy	10.5753288
49	50	k	8.89465046
49	50	n	15.8610296
49	50	ow	14.1386557
49	50	r	16.633337
49	50	s	0.0122830002
49	50	SIL	4.6564188
49	50	t	9.26211834
49	50	th	12.8464813
49	50	uw	11.3954344
49	50	v	11.9680223
49	50	w	16.6650028
49	50	z	6.02631092
50	51	ah	18.3275585
50	51	ao	18.3641739
50	51	ax	24.0981255
50	51	ay	17.1454468
50	51	eh	23.9919224
50	51	ey	15.4186172
50	51	f	12.195961
50	51	ih	19.2435303
50	51	iy	10.8825378
50	51	k	10.9348478
50	51	n	16.7695904
50	51	ow	14.6129847
50	51	r	17.8173618
50	51	s	0.00697899982
50	51	SIL	5.07385778
50	51	t	10.2212744
50	51	th	15.1648149
50	51	uw	11.6448393
50	51	v	13.0054083
50	51	w	17.024704
50	51	z	7.40798807
51	52	ah	19.0838051
51	52	ao	18.7106438
51	52	ax	24.5943108
51	52	ay	18.0046272
51	52	eh	24.3727074
51	52	ey	15.9331417
51	52	f	12.7349138
51	52	ih	20.5625763
51	52	iy	10.994421
51	52	k	12.160284
51	52	n	16.358078
51	52	ow	13.9001389
51	52	r	18.4943657
51	52	s	0.00742499996
51	52	SIL	4.97023106
51	52	t	9.40868092
51	52	th	15.6650648
51	52	uw	11.9461823
51	52	v	12.3169689
51	52	w	18.9182243
51	52	z	7.99697924
52	53	ah	20.2992783
52	53	ao	17.3368073
52	53	ax	23.1159763
52	53	ay	18.7023087
52	53	eh	23.3138714
52	53	ey	15.7992601
52	53	f	12.8077793
52	53	ih	18.8300285
52	53	iy	11.4006538
52	53	k	12.5722656
52	53	n	16.869173
52	53	ow	14.4084177
52	53	r	19.053009
52	53	s	0.0046910001
52	53	SIL	5.47128582
52	53	t	8.673522
52	53	th	15.9422417
52	53	uw	11.7861338
52	53	v	11.9299908
52	53	w	19.801899
52	53	z	8.21329117
53	54	ah	20.1342278
53	54	ao	16.6298714
53	54	ax	19.5790005
53	54	ay	18.1065941
53	54	eh	20.5399933
53	54	ey	16.9020901
53	54	f	12.3067827
53	54	ih	17.682682
53	54	iy	11.7142591
53	54	k	12.2673187
53	54	n	17.088871
53	54	ow	15.2153368
53	54	r	18.690836
53	54	s	0.0046430002
53	54	SIL	5.51846313
53	54	t	8.67703247
53	54	th	14.9689951
53	54	uw	11.8123808
53	54	v	9.75335026
53	54	w	19.5080624
53	54	z	7.9120822
54	55	ah	19.6943855
54	55	ao	16.4752388
54	55	ax	19.0687084
54	55	ay	17.6639996
54	55	eh	19.0029297
54	55	ey	17.0540047
54	55	f	12.6777773
54	55	ih	18.0074883
54	55	iy	10.8203421
54	55	k	12.4339066
54	55	n	16.2399521
54	55	ow	15.1186037
54	55	r	18.2111225
54	55	s	0.00636
54	55	SIL	5.150702
54	55	t	9.18418121
54	55	th	14.9935045
54	55	uw	11.4362926
54	55	v	9.34948635
54	55	w	18.4276752
54	55	z	8.06070232
55	56	ah	17.7578793
55	56	ao	14.1307135
55	56	ax	18.1015835
55	56	ay	14.0287228
55	56	eh	17.1396217
55	56	ey	15.9558401
55	56	f	10.6880102
55	56	ih	16.1091595
55	56	iy	9.97655296
55	56	k	12.1419172
55	56	n	13.2803459
55	56	ow	13.7029715
55	56	r	17.5645676
55	56	s	0.0207659993
55	56	SIL	3.92815709
55	56	t	9.17745304
55	56	th	13.9269314
55	56	uw	10.6644392
55	56	v	8.36782169
55	56	w	17.4519501
55	56	z	7.74456406
56	57	ah	16.8846188
56	57	ao	12.6077538
56	57	ax	17.0688744
56	57	ay	12.6046171
56	57	eh	15.185008
56	57	ey	15.64083
56	57	f	9.84031296
56	57	ih	13.8420115
56	57	iy	9.91088867
56	57	k	12.6914873
56	57	n	13.0929241
56	57	ow	14.401823
56	57	r	18.4347134
56	57	s	0.0197110008
56	57	SIL	3.99332905
56	57	t	10.1377316
56	57	th	13.9801378
56	57	uw	11.4201946
56	57	v	7.34111595
56	57	w	17.6553249
56	57	z	8.24321365
57	58	ah	17.2026825
57	58	ao	13.1410694
57	58	ax	16.514925
57	58	ay	12.2808952
57	58	eh	13.9954414
57	58	ey	15.6232882
57	58	f	10.2319736
57	58	ih	14.0341072
57	58	iy	10.2232637
57	58	k	14.1433229
57	58	n	12.5702744
57	58	ow	15.5024061
57	58	r	19.1012554
57	58	s	0.0198040009
57	58	SIL	4.01688719
57	58	t	10.8555708
57	58	th	15.2138901
57	58	uw	11.6619473
57	58	v	6.60802698
57	58	w	18.0268497
57	58	z	8.89075947
58	59	ah	17.9503384
58	59	ao	13.1064978
58	59	ax	17.7821503
58	59	ay	11.9490366
58	59	eh	14.1305323
58	59	ey	16.6951427
58	59	f	10.8579082
58	59	ih	14.7083139
58	59	iy	10.8099623
58	59	k	15.2482691
58	59	n	13.8116655
58	59	ow	16.7590256
58	59	r	17.1089535
58	59	s	0.0114190001
58	59	SIL	4.53794909
58	59	t	11.30832
58	59	th	15.84727
58	59	uw	12.0960627
58	59	v	7.5440402
58	59	w	18.9121399
58	59	z	9.70999527
59	60	ah	15.2507372
59	60	ao	13.39958
59	60	ax	15.4207649
59	60	ay	12.6905317
59	60	eh	12.4457932
59	60	ey	15.6752014
59	60	f	11.5857973
59	60	ih	12.2450056
59	60	iy	10.2670269
59	60	k	13.2030048
59	60	n	11.7976799
59	60	ow	13.9233541
59	60	r	15.3454294
59	60	s	0.0215559993
59	60	SIL	3.88126397
59	60	t	9.96819115
59	60	th	15.0757999
59	60	uw	9.97358036
59	60	v	7.58698893
59	60	w	18.5323601
59	60	z	10.3852406
60	61	ah	13.7341862
60	61	ao	12.4578133
60	61	ax	15.78899
60	61	ay	11.3659744
60	61	eh	11.8515606
60	61	ey	15.3156624
60	61	f	10.3796797
60	61	ih	11.0881453
60	61	iy	8.25839806
60	61	k	11.7603989
60	61	n	10.5499573
60	61	ow	12.0248299
60	61	r	12.9301729
60	61	s	0.142085999
60	61	SIL	2.03201795
60	61	t	10.0088615
60	61	th	14.6531639
60	61	uw	8.71886539
60	61	v	7.17900419
60	61	w	18.2192249
60	61	z	10.1403389
61	62	ah	12.6680622
61	62	ao	11.0218487
61	62	ax	15.3129692
61	62	ay	9.89124107
61	62	eh	11.8097563
61	62	ey	15.1725225
61	62	f	9.08425331
61	62	ih	9.88391209
61	62	iy	7.23966789
61	62	k	11.6803999
61	62	n	10.0422764
61	62	ow	10.0412235
61	62	r	11.2719536
61	62	s	1.81142998
61	62	SIL	0.183464006
61	62	t	9.99493122
61	62	th	15.1471443
61	62	uw	7.24752092
61	62	v	6.05441618
61	62	w	16.9673901
61	62	z	10.6356449
62	63	ah	11.0528135
62	63	ao	11.7761374
62	63	ax	12.9688921
62	63	ay	7.12376881
62	63	eh	12.9664898
62	63	ey	15.2913799
62	63	f	8.06091881
62	63	ih	10.6837053
62	63	iy	7.98617601
62	63	k	13.3098316
62	63	n	7.65450907
62	63	ow	10.1095715
62	63	r	11.0721188
62	63	s	5.50938892
62	63	SIL	0.0248840004
62	63	t	10.8590364
62	63	th	14.8310499
62	63	uw	7.23258686
62	63	v	4.03201294
62	63	w	15.7630796
62	63	z	12.6526661
63	64	ah	9.92326355
63	64	ao	11.2003794
63	64	ax	12.7888517
63	64	ay	6.02621794
63	64	eh	13.2747602
63	64	ey	14.8402166
63	64	f	8.16317463
63	64	ih	10.4731636
63	64	iy	9.93542099
63	64	k	11.859971
63	64	n	7.53056622
63	64	ow	9.77906895
63	64	r	11.7675276
63	64	s	8.10027981
63	64	SIL	0.0179660004
63	64	t	11.4929676
63	64	th	12.696394
63	64	uw	9.03305531
63	64	v	4.27477789
63	64	w	15.3409996
63	64	z	12.9026356
64	65	ah	9.51277733
64	65	ao	9.24750042
64	65	ax	12.1612101
64	65	ay	5.40928507
64	65	eh	13.102458
64	65	ey	15.2011566
64	65	f	6.61240101
64	65	ih	9.54238987
64	65	iy	11.3684244
64	65	k	10.245019
64	65	n	6.02717304
64	65	ow	7.71974277
64	65	r	10.1286287
64	65	s	9.04609108
64	65	SIL	0.0301980004
64	65	t	11.8404264
64	65	th	11.7398386
64	65	uw	7.92878485
64	65	v	3.90001607
64	65	w	14.9072666
64	65	z	14.3804054
65	66	ah	10.4012461
65	66	ao	9.08642769
65	66	ax	12.0692234
65	66	ay	7.07196093
65	66	eh	14.8355045
65	66	ey	15.1452856
65	66	f	6.88546991
65	66	ih	10.3774042
65	66	iy	13.5792036
65	66	k	9.39500618
65	66	n	6.40529394
65	66	ow	6.75331211
65	66	r	9.02025223
65	66	s	10.9746437
65	66	SIL	0.0112140002
65	66	t	10.7848663
65	66	th	11.8584471
65	66	uw	6.82004786
65	66	v	5.31117201
65	66	w	13.7640038
65	66	z	15.9009438
66	67	ah	11.8671541
66	67	ao	10.3354912
66	67	ax	13.9951582
66	67	ay	8.61558819
66	67	eh	16.3250618
66	67	ey	16.1368027
66	67	f	8.34678841
66	67	ih	11.3587952
66	67	iy	14.9348707
66	67	k	9.262887
66	67	n	8.00591087
66	67	ow	6.39895821
66	67	r	9.26473808
66	67	s	11.2257299
66	67	SIL	0.00410099979
66	67	t	11.6154938
66	67	th	12.0545502
66	67	uw	7.85160017
66	67	v	6.890728
66	67	w	14.1881351
66	67	z	15.578043
67	68	ah	12.8409157
67	68	ao	12.8259802
67	68	ax	15.9546947
67	68	ay	9.081357
67	68	eh	16.5467873
67	68	ey	16.9895897
67	68	f	9.08558083
67	68	ih	13.4240599
67	68	iy	14.7611742
67	68	k	10.2360563
67	68	n	8.47800064
67	68	ow	6.32746696
67	68	r	10.5884132
67	68	s	10.998208
67	68	SIL	0.00366699998
67	68	t	12.9541426
67	68	th	12.1759949
67	68	uw	8.75676727
67	68	v	6.73539877
67	68	w	15.3748446
67	68	z	14.5762053
68	69	ah	10.7207136
68	69	ao	12.2929296
68	69	ax	14.4726849
68	69	ay	8.6000433
68	69	eh	16.1290855
68	69	ey	15.59937
68	69	f	8.27231216
68	69	ih	14.3065004
68	69	iy	14.556282
68	69	k	11.0187902
68	69	n	7.96159315
68	69	ow	5.3694849
68	69	r	11.0337887
68	69	s	10.5848312
68	69	SIL	0.00812000036
68	69	t	12.4621496
68	69	th	12.4348974
68	69	uw	9.11897469
68	69	v	6.01700783
68	69	w	14.4149666
68	69	z	13.7483206
69	70	ah	11.5872126
69	70	ao	11.8332872
69	70	ax	14.3193111
69	70	ay	8.82373142
69	70	eh	16.1111507
69	70	ey	15.5424309
69	70	f	7.91101313
69	70	ih	14.3005133
69	70	iy	14.2524776
69	70	k	12.028492
69	70	n	7.70224094
69	70	ow	4.92538786
69	70	r	11.5469341
69	70	s	9.61744118
69	70	SIL	0.0121099995
69	70	t	12.8705044
69	70	th	12.0513458
69	70	uw	8.49476719
69	70	v	5.65611982
69	70	w	14.6129408
69	70	z	14.0998039
70	71	ah	12.2504168
70	71	ao	10.5036831
70	71	ax	12.6914158
70	71	ay	9.11744785
70	71	eh	16.0217934
70	71	ey	15.6853447
70	71	f	8.21334553
70	71	ih	13.0115194
70	71	iy	13.9681606
70	71	k	12.1158352
70	71	n	7.12402391
70	71	ow	4.80806923
70	71	r	9.87915611
70	71	s	10.0148029
70	71	SIL	0.0144400001
70	71	t	12.2286654
70	71	th	10.5461502
70	71	uw	7.22619486
70	71	v	5.50006008
70	71	w	15.0167704
70	71	z	14.2946367
71	72	ah	12.0679274
71	72	ao	9.44976044
71	72	ax	11.4239798
71	72	ay	8.3580122
71	72	eh	15.5882711
71	72	ey	15.6893978
71	72	f	7.67487001
71	72	ih	10.7957544
71	72	iy	12.7424097
71	72	k	10.9096212
71	72	n	5.69262695
71	72	ow	5.66561079
71	72	r	9.45418453
71	72	s	8.89941597
71	72	SIL	0.015284
71	72	t	11.3526011
71	72	th	9.51101685
71	72	uw	6.07575512
71	72	v	5.31935978
71	72	w	14.5164871
71	72	z	12.8593378
72	73	ah	11.4051189
72	73	ao	8.85111427
72	73	ax	9.23153305
72	73	ay	7.801723
72	73	eh	15.588171
72	73	ey	15.5788898
72	73	f	7.42491102
72	73	ih	10.0314207
72	73	iy	13.7582207
72	73	k	10.3574162
72	73	n	5.07380009
72	73	ow	5.83237982
72	73	r	9.51648998
72	73	s	8.54470158
72	73	SIL	0.0279239994
72	73	t	8.61416531
72	73	th	9.31815529
72	73	uw	4.77950621
72	73	v	4.81966686
72	73	w	13.7119617
72	73	z	12.552597
73	74	ah	11.0753059
73	74	ao	8.58915901
73	74	ax	8.68516064
73	74	ay	8.35833931
73	74	eh	15.3501587
73	74	ey	14.8744144
73	74	f	7.69431019
73	74	ih	9.90165615
73	74	iy	13.1271086
73	74	k	10.4256039
73	74	n	5.06999397
73	74	ow	5.07148886
73	74	r	8.82136631
73	74	s	9.14381886
73	74	SIL	0.0505330004
73	74	t	7.68616486
73	74	th	9.24459076
73	74	uw	3.47337198
73	74	v	5.58550119
73	74	w	13.2337074
73	74	z	12.5922842
74	75	ah	11.59725
74	75	ao	9.72837734
74	75	ax	11.1694603
74	75	ay	7.76630783
74	75	eh	15.6172485
74	75	ey	16.0090656
74	75	f	6.9249649
74	75	ih	11.0209627
74	75	iy	14.0780554
74	75	k	10.84021
74	75	n	6.21576405
74	75	ow	6.25521517
74	75	r	10.0066967
74	75	s	9.52882576
74	75	SIL	0.0172269996
74	75	t	8.85993671
74	75	th	9.82063103
74	75	uw	4.95818806
74	75	v	5.45077801
74	75	w	13.47826
74	75	z	13.8939819
75	76	ah	12.8658686
75	76	ao	10.6757088
75	76	ax	12.9655848
75	76	ay	8.34028244
75	76	eh	16.97328
75	76	ey	17.7917137
75	76	f	8.13955975
75	76	ih	12.0037251
75	76	iy	14.5689039
75	76	k	11.2492161
75	76	n	7.69758415
75	76	ow	7.1438489
75	76	r	10.2761431
75	76	s	10.6419468
75	76	SIL	0.00554500008
75	76	t	11.2610826
75	76	th	10.8991079
75	76	uw	7.51432085
75	76	v	5.78513288
75	76	w	15.2353888
75	76	z	15.6873188
76	77	ah	12.7544994
76	77	ao	10.1273508
76	77	ax	12.7630224
76	77	ay	8.49188614
76	77	eh	16.9088573
76	77	ey	17.3205051
76	77	f	8.19533253
76	77	ih	12.1438923
76	77	iy	14.3500042
76	77	k	11.7464771
76	77	n	7.90174198
76	77	ow	6.99254417
76	77	r	9.82690144
76	77	s	10.8558092
76	77	SIL	0.00604999997
76	77	t	11.7575302
76	77	th	11.4560165
76	77	uw	7.79815388
76	77	v	5.59949398
76	77	w	15.342803
76	77	z	15.9080315
77	78	ah	10.7529755
77	78	ao	9.73809814
77	78	ax	10.955965
77	78	ay	9.16184902
77	78	eh	16.1310062
77	78	ey	17.6310215
77	78	f	7.96772909
77	78	ih	12.7202244
77	78	iy	14.9459534
77	78	k	11.1872025
77	78	n	8.11798382
77	78	ow	6.07491112
77	78	r	8.81846714
77	78	s	10.4311352
77	78	SIL	0.0127140004
77	78	t	10.4546833
77	78	th	10.7265997
77	78	uw	6.79752302
77	78	v	4.81298113
77	78	w	14.3559742
77	78	z	15.5577803
78	79	ah	8.80497932
78	79	ao	10.1819048
78	79	ax	10.5758495
78	79	ay	8.4253149
78	79	eh	16.6593647
78	79	ey	17.4071445
78	79	f	9.14820576
78	79	ih	13.7558765
78	79	iy	14.6923161
78	79	k	11.2962618
78	79	n	7.36436701
78	79	ow	6.77490902
78	79	r	9.19606495
78	79	s	10.4221573
78	79	SIL	0.00722800009
78	79	t	10.1129026
78	79	th	10.8705473
78	79	uw	7.36689281
78	79	v	5.50936222
78	79	w	13.3682346
78	79	z	14.4969854
79	80	ah	9.35859013
79	80	ao	11.6463919
79	80	ax	12.5062771
79	80	ay	7.67301798
79	80	eh	17.6068554
79	80	ey	17.7786961
79	80	f	9.31696796
79	80	ih	14.0629578
79	80	iy	13.0978832
79	80	k	11.3484116
79	80	n	6.70188189
79	80	ow	7.5534091
79	80	r	9.83416462
79	80	s	10.171834
79	80	SIL	0.00708100013
79	80	t	11.6181154
79	80	th	10.7548695
79	80	uw	8.03688526
79	80	v	5.4759841
79	80	w	13.446703
79	80	z	13.6137552
80	81	ah	11.8651638
80	81	ao	12.7693653
80	81	ax	13.0394182
80	81	ay	8.27940369
80	81	eh	16.7737522
80	81	ey	18.1591911
80	81	f	8.83121681
80	81	ih	14.0502148
80	81	iy	12.7978106
80	81	k	10.9689465
80	81	n	6.33265877
80	81	ow	7.44685316
80	81	r	11.0248194
80	81	s	9.80460453
80	81	SIL	0.00839500036
80	81	t	11.6459265
80	81	th	10.1801462
80	81	uw	7.51969385
80	81	v	5.31759405
80	81	w	15.7714987
80	81	z	13.2350826
81	
