0	1	ah	17.8284988
0	1	ao	17.9418621
0	1	ax	15.8180447
0	1	ay	11.4874296
0	1	eh	19.4402466
0	1	ey	18.2234879
0	1	f	10.4942923
0	1	ih	14.9306936
0	1	iy	12.9506426
0	1	k	10.1798992
0	1	n	7.95099688
0	1	ow	13.202157
0	1	r	13.1280041
0	1	s	10.708107
0	1	SIL	0.00312900008
0	1	t	6.99310112
0	1	th	6.56732607
0	1	uw	13.3734159
0	1	v	7.98421001
0	1	w	21.2989063
0	1	z	15.8553247
1	2	ah	17.817585
1	2	ao	17.717411
1	2	ax	15.2294283
1	2	ay	11.2212696
1	2	eh	19.2957897
1	2	ey	17.7321873
1	2	f	9.34741402
1	2	ih	14.9420443
1	2	iy	12.9430733
1	2	k	10.6383467
1	2	n	7.26937723
1	2	ow	12.23211
1	2	r	13.2246819
1	2	s	9.93831635
1	2	SIL	0.00397600001
1	2	t	6.71200991
1	2	th	6.84676886
1	2	uw	12.9676466
1	2	v	7.12203407
1	2	w	21.4479198
1	2	z	15.2785301
2	3	ah	17.5374489
2	3	ao	17.2617245
2	3	ax	14.9963007
2	3	ay	11.4213581
2	3	eh	19.2035828
2	3	ey	18.0973434
2	3	f	8.43818569
2	3	ih	14.4920654
2	3	iy	13.9910727
2	3	k	10.5653896
2	3	n	7.81068802
2	3	ow	12.1086931
2	3	r	14.1069517
2	3	s	9.07920074
2	3	SIL	0.0047050002
2	3	t	6.219028
2	3	th	7.38641787
2	3	uw	12.59447
2	3	v	6.64601803
2	3	w	20.7317066
2	3	z	14.8053961
3	4	ah	17.894125
3	4	ao	17.3822308
3	4	ax	15.8409786
3	4	ay	11.401042
3	4	eh	19.0250454
3	4	ey	18.8898582
3	4	f	8.90754032
3	4	ih	14.2857876
3	4	iy	14.1044312
3	4	k	10.6458006
3	4	n	8.64991188
3	4	ow	13.0541563
3	4	r	14.7725592
3	4	s	9.12533379
3	4	SIL	0.00303300004
3	4	t	6.63050604
3	4	th	7.62355518
3	4	uw	13.3484278
3	4	v	7.18247318
3	4	w	20.65625
3	4	z	14.8813286
4	5	ah	19.2985859
4	5	ao	17.5997925
4	5	ax	17.5892487
4	5	ay	11.8307419
4	5	eh	20.0681229
4	5	ey	18.7777348
4	5	f	9.58725071
4	5	ih	14.818552
4	5	iy	13.7957087
4	5	k	11.4534254
4	5	n	9.44534206
4	5	ow	13.8814306
4	5	r	15.1280441
4	5	s	9.89346695
4	5	SIL	0.00114900002
4	5	t	7.78530598
4	5	th	8.21780872
4	5	uw	14.520874
4	5	v	8.32156563
4	5	w	21.6726551
4	5	z	15.5944128
5	6	ah	20.7927456
5	6	ao	17.5444221
5	6	ax	18.5685978
5	6	ay	12.5489702
5	6	eh	21.0492821
5	6	ey	17.9165745
5	6	f	9.63094139
5	6	ih	14.4590502
5	6	iy	13.2712564
5	6	k	11.2905674
5	6	n	9.58470726
5	6	ow	13.4243279
5	6	r	14.51931
5	6	s	10.4705858
5	6	SIL	0.000581
5	6	t	8.50376892
5	6	th	9.39638519
5	6	uw	14.9579306
5	6	v	9.096632
5	6	w	23.5848923
5	6	z	16.2942848
6	7	ah	19.2662849
6	7	ao	15.9163008
6	7	ax	16.824234
6	7	ay	12.0120811
6	7	eh	21.5406361
6	7	ey	15.8756914
6	7	f	7.53161478
6	7	ih	13.8219719
6	7	iy	13.1269093
6	7	k	9.71008587
6	7	n	8.63445377
6	7	ow	12.905591
6	7	r	13.732173
6	7	s	9.5156374
6	7	SIL	0.0022499999
6	7	t	6.90213919
6	7	th	10.9314623
6	7	uw	14.1060085
6	7	v	7.92380524
6	7	w	23.7424889
6	7	z	16.6807518
7	8	ah	17.8759937
7	8	ao	15.4926538
7	8	ax	16.0596848
7	8	ay	11.7876062
7	8	eh	21.1354008
7	8	ey	15.2456846
7	8	f	6.973979
7	8	ih	13.7707901
7	8	iy	13.497138
7	8	k	9.1394968
7	8	n	8.4828434
7	8	ow	13.5476952
7	8	r	12.6279697
7	8	s	9.18735504
7	8	SIL	0.00385700003
7	8	t	6.28891706
7	8	th	10.5942307
7	8	uw	13.6031656
7	8	v	7.42147923
7	8	w	22.6398506
7	8	z	15.9067202
8	9	ah	18.3322506
8	9	ao	16.4452648
8	9	ax	17.0583572
8	9	ay	11.0500126
8	9	eh	20.9054432
8	9	ey	15.5418081
8	9	f	6.89791107
8	9	ih	14.2239227
8	9	iy	14.1585979
8	9	k	10.4681215
8	9	n	9.13383102
8	9	ow	14.2693214
8	9	r	13.2449389
8	9	s	9.4845562
8	9	SIL	0.00303300004
8	9	t	7.1142292
8	9	th	10.3402519
8	9	uw	14.4734707
8	9	v	6.9699502
8	9	w	22.9126415
8	9	z	15.5071735
9	10	ah	18.5605183
9	10	ao	16.9770451
9	10	ax	17.1383686
9	10	ay	11.0688372
9	10	eh	20.3204556
9	10	ey	15.3923407
9	10	f	7.95924091
9	10	ih	14.0456791
9	10	iy	13.7788305
9	10	k	10.8632593
9	10	n	9.27183247
9	10	ow	14.272995
9	10	r	13.3569174
9	10	s	10.1750116
9	10	SIL	0.00205600006
9	10	t	7.38551712
9	10	th	9.63658333
9	10	uw	14.7047272
9	10	v	7.07346916
9	10	w	22.8373013
9	10	z	15.2721386
10	11	ah	17.3546562
10	11	ao	16.0136585
10	11	ax	16.2955933
10	11	ay	11.3961458
10	11	eh	19.1390934
10	11	ey	17.3026066
10	11	f	6.75086784
10	11	ih	14.8417788
10	11	iy	14.412569
10	11	k	10.4326611
10	11	n	9.1652298
10	11	ow	14.3508263
10	11	r	11.9060469
10	11	s	10.6411905
10	11	SIL	0.0049800002
10	11	t	7.58144999
10	11	th	9.58698845
10	11	uw	13.8336754
10	11	v	5.79589701
10	11	w	21.3295021
10	11	z	15.423398
11	12	ah	16.8748131
11	12	ao	15.0780439
11	12	ax	15.4973803
11	12	ay	10.8442907
11	12	eh	18.901371
11	12	ey	17.2832546
11	12	f	5.72505808
11	12	ih	14.6988049
11	12	iy	14.7723694
11	12	k	9.96096039
11	12	n	8.00724697
11	12	ow	13.9303684
11	12	r	11.9955997
11	12	s	10.1804371
11	12	SIL	0.00666800002
11	12	t	7.23031902
11	12	th	9.41683197
11	12	uw	12.5278435
11	12	v	6.15303183
11	12	w	20.1258965
11	12	z	15.4484673
12	13	ah	16.9481468
12	13	ao	14.0563011
12	13	ax	15.1449814
12	13	ay	10.2581148
12	13	eh	17.1742363
12	13	ey	17.556345
12	13	f	5.92178488
12	13	ih	12.8494644
12	13	iy	15.2861576
12	13	k	8.49505424
12	13	n	7.40290117
12	13	ow	13.897213
12	13	r	11.0084286
12	13	s	9.23066807
12	13	SIL	0.00737599982
12	13	t	7.1872592
12	13	th	6.25243282
12	13	uw	10.3435678
12	13	v	6.92252493
12	13	w	17.1555023
12	13	z	14.4621897
13	14	ah	18.0159779
13	14	ao	14.8958073
13	14	ax	15.947423
13	14	ay	10.4412813
13	14	eh	16.7993851
13	14	ey	17.0861397
13	14	f	6.91978312
13	14	ih	11.7541399
13	14	iy	14.7256069
13	14	k	7.61423683
13	14	n	7.91703176
13	14	ow	14.1019106
13	14	r	11.2483473
13	14	s	9.1628933
13	14	SIL	0.0108340001
13	14	t	6.87034702
13	14	th	5.04898024
13	14	uw	10.6958284
13	14	v	6.64878082
13	14	w	16.6157074
13	14	z	14.0503073
14	15	ah	18.3238125
14	15	ao	15.6493292
14	15	ax	17.661953
14	15	ay	10.6573954
14	15	eh	17.2467766
14	15	ey	17.5592003
14	15	f	7.24128294
14	15	ih	13.1721125
14	15	iy	13.7270908
14	15	k	7.49547482
14	15	n	8.83794594
14	15	ow	14.6590204
14	15	r	12.0217295
14	15	s	9.76623631
14	15	SIL	0.00603300007
14	15	t	6.48106909
14	15	th	6.59838676
14	15	uw	13.6428108
14	15	v	6.43104601
14	15	w	17.5794964
14	15	z	14.6100569
15	16	ah	16.9574146
15	16	ao	14.8309374
15	16	ax	17.6686401
15	16	ay	12.0214996
15	16	eh	18.7389507
15	16	ey	17.5469322
15	16	f	7.09023285
15	16	ih	13.7922401
15	16	iy	15.0129013
15	16	k	8.61290264
15	16	n	8.48163223
15	16	ow	14.5283365
15	16	r	13.7733011
15	16	s	10.0305862
15	16	SIL	0.00260100001
15	16	t	7.55566216
15	16	th	7.78876495
15	16	uw	14.1759748
15	16	v	7.8665719
15	16	w	18.7569962
15	16	z	16.5477409
16	17	ah	17.7391567
16	17	ao	14.7251749
16	17	ax	18.6498394
16	17	ay	13.6487656
16	17	eh	21.6437035
16	17	ey	17.9204998
16	17	f	6.93702888
16	17	ih	15.3431377
16	17	iy	15.114912
16	17	k	9.26847458
16	17	n	8.75662518
16	17	ow	13.4081583
16	17	r	13.5083847
16	17	s	10.9591541
16	17	SIL	0.00248200004
16	17	t	7.47095823
16	17	th	7.45936203
16	17	uw	13.4332228
16	17	v	9.35175228
16	17	w	19.6400719
16	17	z	17.9505978
17	18	ah	17.7366619
17	18	ao	14.6736774
17	18	ax	17.8753452
17	18	ay	13.8210621
17	18	eh	20.4994011
17	18	ey	18.397171
17	18	f	6.87506485
17	18	ih	15.7654352
17	18	iy	15.764842
17	18	k	9.49368668
17	18	n	8.74061203
17	18	ow	12.7872553
17	18	r	13.1289148
17	18	s	11.3651075
17	18	SIL	0.00217400002
17	18	t	8.41037846
17	18	th	7.81861115
17	18	uw	14.4353981
17	18	v	8.25577164
17	18	w	19.2767925
17	18	z	18.1336155
18	19	ah	17.2445698
18	19	ao	13.7794142
18	19	ax	16.4062443
18	19	ay	11.2004089
18	19	eh	17.8253765
18	19	ey	19.4679699
18	19	f	6.10764217
18	19	ih	16.8259315
18	19	iy	18.1177368
18	19	k	10.2060146
18	19	n	9.42032242
18	19	ow	10.8977509
18	19	r	14.2876482
18	19	s	10.6783304
18	19	SIL	0.00506599993
18	19	t	8.21209145
18	19	th	9.33734322
18	19	uw	13.8660221
18	19	v	6.07826424
18	19	w	17.890173
18	19	z	18.2732048
19	20	ah	17.1818542
19	20	ao	15.8127556
19	20	ax	15.2237778
19	20	ay	14.1054153
19	20	eh	18.3592453
19	20	ey	19.9643497
19	20	f	6.30820608
19	20	ih	16.438509
19	20	iy	19.1265545
19	20	k	9.75998974
19	20	n	9.50748634
19	20	ow	11.5764198
19	20	r	16.6427937
19	20	s	10.3104448
19	20	SIL	0.00342600001
19	20	t	7.23514318
19	20	th	10.7437286
19	20	uw	13.4090214
19	20	v	7.29534721
19	20	w	17.521883
19	20	z	17.4670258
20	21	ah	16.793642
20	21	ao	13.4160433
20	21	ax	15.5535307
20	21	ay	13.5209894
20	21	eh	19.3374348
20	21	ey	17.3709221
20	21	f	6.344028
20	21	ih	13.7334528
20	21	iy	16.484808
20	21	k	9.00032806
20	21	n	9.20042133
20	21	ow	10.0536327
20	21	r	13.7458763
20	21	s	9.85619545
20	21	SIL	0.00309300004
20	21	t	7.39905882
20	21	th	10.6006384
20	21	uw	12.3923464
20	21	v	7.91641092
20	21	w	15.5187626
20	21	z	15.7373133
21	22	ah	15.1537685
21	22	ao	12.0555706
21	22	ax	14.2928114
21	22	ay	13.3629503
21	22	eh	19.5870037
21	22	ey	15.5704794
21	22	f	6.77362394
21	22	ih	11.6865044
21	22	iy	16.2059307
21	22	k	8.11390877
21	22	n	9.01661873
21	22	ow	10.191184
21	22	r	12.2761154
21	22	s	9.58829689
21	22	SIL	0.00341699994
21	22	t	6.62118578
21	22	th	9.14708328
21	22	uw	12.2991447
21	22	v	8.19679737
21	22	w	13.7101641
21	22	z	15.0819817
22	23	ah	16.3130646
22	23	ao	11.6105566
22	23	ax	14.7313738
22	23	ay	13.7774506
22	23	eh	19.0919285
22	23	ey	16.7185478
22	23	f	9.58668041
22	23	ih	12.7799969
22	23	iy	15.034234
22	23	k	10.8201294
22	23	n	9.64088726
22	23	ow	11.1230326
22	23	r	12.5227184
22	23	s	10.3072205
22	23	SIL	0.000402000005
22	23	t	9.54432297
22	23	th	10.8956738
22	23	uw	11.428812
22	23	v	9.41808701
22	23	w	15.4676628
22	23	z	15.4736843
23	24	ah	14.8187227
23	24	ao	9.41803646
23	24	ax	13.2792826
23	24	ay	12.0425901
23	24	eh	16.3612709
23	24	ey	15.1411819
23	24	f	12.5833683
23	24	ih	11.6511946
23	24	iy	11.8714428
23	24	k	10.3024044
23	24	n	10.3980103
23	24	ow	7.83330011
23	24	r	11.7090483
23	24	s	11.2502241
23	24	SIL	0.00159700005
23	24	t	8.31097126
23	24	th	11.3178015
23	24	uw	7.26153803
23	24	v	10.0290651
23	24	w	13.8370781
23	24	z	14.5162373
24	25	ah	11.7452011
24	25	ao	9.15160179
24	25	ax	11.998457
24	25	ay	10.5477905
24	25	eh	16.9670639
24	25	ey	13.8314266
24	25	f	11.3519678
24	25	ih	12.0914354
24	25	iy	11.4647646
24	25	k	10.2822733
24	25	n	8.48876953
24	25	ow	4.98239803
24	25	r	9.89228344
24	25	s	10.0726576
24	25	SIL	0.00933399983
24	25	t	9.06054401
24	25	th	10.0268688
24	25	uw	6.44547415
24	25	v	8.74418163
24	25	w	12.3474913
24	25	z	11.2794371
25	26	ah	12.4419098
25	26	ao	10.523263
25	26	ax	12.0590696
25	26	ay	11.6394625
25	26	eh	18.7292538
25	26	ey	14.579113
25	26	f	9.87123394
25	26	ih	12.699048
25	26	iy	12.460392
25	26	k	10.006567
25	26	n	8.37174511
25	26	ow	5.47243595
25	26	r	9.94821835
25	26	s	10.2228708
25	26	SIL	0.00684700022
25	26	t	9.12410164
25	26	th	8.25033569
25	26	uw	6.44240284
25	26	v	8.56797218
25	26	w	14.5933962
25	26	z	12.2731304
26	27	ah	11.9313459
26	27	ao	10.9595556
26	27	ax	10.9564543
26	27	ay	11.2894325
26	27	eh	19.4359188
26	27	ey	12.4056063
26	27	f	6.77213478
26	27	ih	13.8861303
26	27	iy	12.1769361
26	27	k	11.1630878
26	27	n	6.24515915
26	27	ow	3.49943089
26	27	r	10.1872492
26	27	s	9.71427822
26	27	SIL	0.0482380018
26	27	t	9.00838375
26	27	th	7.63828516
26	27	uw	4.39250612
26	27	v	7.35948706
26	27	w	14.8740482
26	27	z	11.9610243
27	28	ah	12.3645382
27	28	ao	11.5499172
27	28	ax	11.165328
27	28	ay	12.2883139
27	28	eh	20.307724
27	28	ey	11.9119205
27	28	f	5.86143589
27	28	ih	13.25383
27	28	iy	13.9443626
27	28	k	9.31445599
27	28	n	5.70512486
27	28	ow	3.4472661
27	28	r	10.9215527
27	28	s	7.75684214
27	28	SIL	0.0758799985
27	28	t	8.51103306
27	28	th	6.73106098
27	28	uw	3.44948602
27	28	v	6.63068581
27	28	w	13.271409
27	28	z	11.7103825
28	29	ah	15.1530962
28	29	ao	12.3893356
28	29	ax	12.7605467
28	29	ay	13.3291636
28	29	eh	19.2804222
28	29	ey	13.5698566
28	29	f	6.05407619
28	29	ih	13.2310944
28	29	iy	14.5484972
28	29	k	8.58868599
28	29	n	6.47542095
28	29	ow	4.96494818
28	29	r	11.5787458
28	29	s	8.19608688
28	29	SIL	0.0183160007
28	29	t	8.32764053
28	29	th	6.36707211
28	29	uw	5.42136717
28	29	v	7.78726912
28	29	w	15.1905851
28	29	z	12.6610765
29	30	ah	16.6946087
29	30	ao	12.2991362
29	30	ax	13.4258432
29	30	ay	11.3508902
29	30	eh	16.6461887
29	30	ey	14.655468
29	30	f	5.93451977
29	30	ih	12.0711727
29	30	iy	14.4384918
29	30	k	8.29187202
29	30	n	6.94992685
29	30	ow	5.86919498
29	30	r	11.6053076
29	30	s	8.17803669
29	30	SIL	0.0103759998
29	30	t	8.84780216
29	30	th	5.94616413
29	30	uw	8.29713345
29	30	v	8.06219673
29	30	w	16.9409962
29	30	z	12.6188231
30	31	ah	17.3372383
30	31	ao	11.2970104
30	31	ax	14.8757563
30	31	ay	9.67256546
30	31	eh	16.7243023
30	31	ey	15.1326876
30	31	f	4.24608517
30	31	ih	12.9026947
30	31	iy	13.3121128
30	31	k	9.35292053
30	31	n	7.26402998
30	31	ow	7.91113281
30	31	r	11.8463182
30	31	s	8.02172947
30	31	SIL	0.0213610008
30	31	t	9.12325859
30	31	th	5.33326817
30	31	uw	10.181798
30	31	v	8.2294178
30	31	w	16.870451
30	31	z	12.742795
31	32	ah	15.6155834
31	32	ao	10.8932686
31	32	ax	14.0509434
31	32	ay	9.7004118
31	32	eh	15.7393293
31	32	ey	14.3171406
31	32	f	3.68531704
31	32	ih	13.0024929
31	32	iy	11.4288397
31	32	k	8.01533031
31	32	n	5.57605124
31	32	ow	7.50362301
31	32	r	11.6498804
31	32	s	7.05301094
31	32	SIL	0.0393819995
31	32	t	7.63242579
31	32	th	4.95760679
31	32	uw	8.4772377
31	32	v	8.7053194
31	32	w	14.9132633
31	32	z	13.0797749
32	33	ah	17.1662426
32	33	ao	12.9024734
32	33	ax	16.1416397
32	33	ay	10.4534655
32	33	eh	14.6576614
32	33	ey	15.217721
32	33	f	4.324893
32	33	ih	13.5712156
32	33	iy	13.1983833
32	33	k	8.90695
32	33	n	7.00359678
32	33	ow	9.44191074
32	33	r	12.8229084
32	33	s	7.26421404
32	33	SIL	0.0173760001
32	33	t	8.00447178
32	33	th	6.50009298
32	33	uw	9.61966133
32	33	v	8.39763641
32	33	w	15.8062229
32	33	z	14.1998901
33	34	ah	19.6208019
33	34	ao	14.6284065
33	34	ax	17.9694405
33	34	ay	13.6484222
33	34	eh	16.2534199
33	34	ey	17.3333321
33	34	f	4.65451717
33	34	ih	15.4450121
33	34	iy	15.4867516
33	34	k	11.1253004
33	34	n	9.47309113
33	34	ow	12.1481953
33	34	r	13.5723228
33	34	s	8.79297447
33	34	SIL	0.0105010001
33	34	t	8.65420437
33	34	th	7.99823999
33	34	uw	11.946435
33	34	v	8.75116539
33	34	w	16.9521599
33	34	z	14.8289213
34	35	ah	20.0679188
34	35	ao	16.4063835
34	35	ax	18.5682411
34	35	ay	14.327899
34	35	eh	18.4393177
34	35	ey	16.6558495
34	35	f	4.66046715
34	35	ih	16.4664268
34	35	iy	15.338192
34	35	k	11.3339529
34	35	n	9.72193336
34	35	ow	12.8187447
34	35	r	14.9271135
34	35	s	9.82536125
34	35	SIL	0.0107920002
34	35	t	6.92579412
34	35	th	9.47635841
34	35	uw	13.4312992
34	35	v	9.41490746
34	35	w	16.7022705
34	35	z	14.9376364
35	36	ah	19.5534573
35	36	ao	15.4028435
35	36	ax	18.8290997
35	36	ay	13.8090677
35	36	eh	19.452837
35	36	ey	15.1765528
35	36	f	4.66993809
35	36	ih	16.4256172
35	36	iy	12.600873
35	36	k	11.0875092
35	36	n	9.51698494
35	36	ow	11.8107023
35	36	r	14.4330626
35	36	s	9.87438774
35	36	SIL	0.0126320003
35	36	t	5.84893608
35	36	th	9.57089043
35	36	uw	12.8090296
35	36	v	9.58345413
35	36	w	14.9422131
35	36	z	13.4116707
36	37	ah	20.0977268
36	37	ao	15.7736979
36	37	ax	19.520689
36	37	ay	14.2876205
36	37	eh	19.0891876
36	37	ey	14.9916859
36	37	f	5.1859479
36	37	ih	16.1645851
36	37	iy	12.6628103
36	37	k	10.2874851
36	37	n	10.2006149
36	37	ow	12.2902479
36	37	r	13.4624443
36	37	s	10.1840963
36	37	SIL	0.0078499997
36	37	t	6.24510098
36	37	th	10.1147709
36	37	uw	13.5311527
36	37	v	9.01670265
36	37	w	14.3678713
36	37	z	13.2100792
37	38	ah	19.4767761
37	38	ao	15.5811386
37	38	ax	19.2654228
37	38	ay	15.1069527
37	38	eh	20.6452694
37	38	ey	13.657608
37	38	f	5.44741678
37	38	ih	17.2207069
37	38	iy	12.9694023
37	38	k	9.53331947
37	38	n	9.63201618
37	38	ow	11.8278751
37	38	r	12.1477776
37	38	s	12.7005234
37	38	SIL	0.0061420002
37	38	t	6.47751808
37	38	th	10.599637
37	38	uw	14.0106192
37	38	v	9.28505135
37	38	w	13.2547178
37	38	z	14.8426294
38	39	ah	18.6811581
38	39	ao	14.2200499
38	39	ax	18.9555817
38	39	ay	13.7720308
38	39	eh	19.5396786
38	39	ey	12.9564114
38	39	f	4.03896999
38	39	ih	17.4432907
38	39	iy	11.85355
38	39	k	9.43136883
38	39	n	9.05957413
38	39	ow	10.3260479
38	39	r	10.8697519
38	39	s	11.9773388
38	39	SIL	0.0212830007
38	39	t	5.86647987
38	39	th	9.25806999
38	39	uw	13.1703625
38	39	v	8.31656265
38	39	w	14.0234385
38	39	z	13.5108881
39	40	ah	16.6399517
39	40	ao	12.2354116
39	40	ax	17.5181046
39	40	ay	10.8528347
39	40	eh	17.8814068
39	40	ey	12.0732584
39	40	f	1.42160499
39	40	ih	17.3096333
39	40	iy	10.3200836
39	40	k	8.6157608
39	40	n	7.176476
39	40	ow	7.82825994
39	40	r	10.9974928
39	40	s	9.90820408
39	40	SIL	0.282821
39	40	t	6.0039959
39	40	th	7.10400009
39	40	uw	11.6089725
39	40	v	8.33529663
39	40	w	13.9351187
39	40	z	12.1551838
40	41	ah	16.9456024
40	41	ao	9.66768742
40	41	ax	18.0563164
40	41	ay	9.23011303
40	41	eh	16.6851349
40	41	ey	12.9252033
40	41	f	0.831201017
40	41	ih	16.1358433
40	41	iy	10.7708178
40	41	k	9.44593716
40	41	n	7.18300676
40	41	ow	6.04612684
40	41	r	9.72792244
40	41	s	8.24682617
40	41	SIL	0.581539989
40	41	t	7.95259714
40	41	th	7.48130894
40	41	uw	10.1612549
40	41	v	7.20216322
40	41	w	12.2175798
40	41	z	10.743968
41	42	ah	17.5923424
41	42	ao	9.9866991
41	42	ax	18.2372551
41	42	ay	8.86031246
41	42	eh	16.3546925
41	42	ey	16.3153419
41	42	f	0.0204930007
41	42	ih	16.4089622
41	42	iy	15.3837395
41	42	k	12.3881922
41	42	n	9.51118946
41	42	ow	9.20789528
41	42	r	11.0875521
41	42	s	7.96458387
41	42	SIL	4.10008287
41	42	t	10.8038855
41	42	th	9.29256153
41	42	uw	11.471221
41	42	v	5.85819912
41	42	w	13.3345089
41	42	z	13.0465088
42	43	ah	15.1342993
42	43	ao	9.14845276
42	43	ax	16.5540905
42	43	ay	9.43016338
42	43	eh	15.8476295
42	43	ey	18.0784779
42	43	f	0.00303200004
42	43	ih	14.4517956
42	43	iy	19.1915627
42	43	k	13.334898
42	43	n	9.22592545
42	43	ow	11.8903561
42	43	r	13.5765495
42	43	s	7.53287077
42	43	SIL	6.79168177
42	43	t	11.8514452
42	43	th	9.99104691
42	43	uw	12.0217333
42	43	v	6.91466999
42	43	w	10.7547626
42	43	z	15.887969
43	44	ah	14.1279316
43	44	ao	9.36279106
43	44	ax	13.871067
43	44	ay	8.57052517
43	44	eh	13.6179676
43	44	ey	17.4135056
43	44	f	0.0053249998
43	44	ih	12.8229246
43	44	iy	19.0988064
43	44	k	13.7982817
43	44	n	9.01328564
43	44	ow	9.6271801
43	44	r	12.4287939
43	44	s	8.1480608
43	44	SIL	5.72025013
43	44	t	8.65901756
43	44	th	9.52279568
43	44	uw	10.7691545
43	44	v	6.98364305
43	44	w	9.50937176
43	44	z	18.0414581
44	45	ah	13.6643562
44	45	ao	8.11621666
44	45	ax	13.3980112
44	45	ay	7.90996981
44	45	eh	11.9349127
44	45	ey	13.5277224
44	45	f	0.0199870002
44	45	ih	11.0297556
44	45	iy	15.5561886
44	45	k	13.039073
44	45	n	8.89460468
44	45	ow	6.343925
44	45	r	9.97719955
44	45	s	7.7657609
44	45	SIL	4.26645803
44	45	t	7.35043621
44	45	th	10.0137434
44	45	uw	8.66985416
44	45	v	7.27818489
44	45	w	6.76916599
44	45	z	17.5745869
45	46	ah	11.8319426
45	46	ao	5.90110922
45	46	ax	11.8915052
45	46	ay	5.4501338
45	46	eh	9.65105915
45	46	ey	12.2535286
45	46	f	0.0303559992
45	46	ih	10.3153763
45	46	iy	14.4772243
45	46	k	14.7855844
45	46	n	8.67397404
45	46	ow	5.43424511
45	46	r	8.53236389
45	46	s	7.51199389
45	46	SIL	4.46647215
45	46	t	9.80820656
45	46	th	11.4992056
45	46	uw	7.69174099
45	46	v	7.56900883
45	46	w	5.30918121
45	46	z	17.9099731
46	47	ah	8.7466898
46	47	ao	3.38004303
46	47	ax	9.46705437
46	47	ay	1.23684096
46	47	eh	7.54020023
46	47	ey	10.4260311
46	47	f	0.505841017
46	47	ih	8.03332424
46	47	iy	10.9434099
46	47	k	15.0946531
46	47	n	6.54377413
46	47	ow	3.6766901
46	47	r	6.34008884
46	47	s	7.58845615
46	47	SIL	4.95407486
46	47	t	11.6774492
46	47	th	12.3529844
46	47	uw	6.42352104
46	47	v	7.37997198
46	47	w	3.40561795
46	47	z	17.1078739
47	48	ah	8.72297478
47	48	ao	2.44645
47	48	ax	10.2707844
47	48	ay	0.168448001
47	48	eh	8.46138096
47	48	ey	12.8163977
47	48	f	5.51941919
47	48	ih	10.8842115
47	48	iy	13.3348503
47	48	k	18.2570286
47	48	n	10.7682343
47	48	ow	2.83686805
47	48	r	5.71273088
47	48	s	11.1904678
47	48	SIL	9.58655167
47	48	t	16.1757107
47	48	th	15.6346292
47	48	uw	9.41826725
47	48	v	8.91549301
47	48	w	6.346766
47	48	z	20.3293667
48	49	ah	6.99431705
48	49	ao	3.85148311
48	49	ax	10.0575104
48	49	ay	0.0433290005
48	49	eh	10.3067417
48	49	ey	14.4796572
48	49	f	7.14707184
48	49	ih	13.6351204
48	49	iy	13.98491
48	49	k	17.6696701
48	49	n	10.884903
48	49	ow	4.67341709
48	49	r	4.72296715
48	49	s	13.0374928
48	49	SIL	10.7130222
48	49	t	16.7583122
48	49	th	16.2929554
48	49	uw	10.6309156
48	49	v	9.39903164
48	49	w	6.91512108
48	49	z	22.3725853
49	50	ah	3.34684491
49	50	ao	4.39489079
49	50	ax	8.71025181
49	50	ay	0.0658349991
49	50	eh	10.8698578
49	50	ey	15.9506063
49	50	f	7.73712397
49	50	ih	13.0454798
49	50	iy	13.6353903
49	50	k	16.5460205
49	50	n	9.05313969
49	50	ow	6.33604908
49	50	r	5.76011276
49	50	s	12.6750412
49	50	SIL	9.38858795
49	50	t	14.9174042
49	50	th	15.3944321
49	50	uw	9.22696877
49	50	v	8.58195114
49	50	w	4.59105301
49	50	z	22.5729179
50	51	ah	3.17654991
50	51	ao	5.76915312
50	51	ax	9.8635664
50	51	ay	0.0575979985
50	51	eh	10.6165514
50	51	ey	16.3228607
50	51	f	7.84993982
50	51	ih	13.5891676
50	51	iy	13.5604801
50	51	k	16.1017075
50	51	n	8.44543266
50	51	ow	5.96976423
50	51	r	6.42348719
50	51	s	11.6215343
50	51	SIL	8.47103786
50	51	t	14.8661089
50	51	th	15.7358828
50	51	uw	9.18857861
50	51	v	7.92899799
50	51	w	5.18914318
50	51	z	22.0118046
51	52	ah	3.00197291
51	52	ao	6.66749716
51	52	ax	10.3920088
51	52	ay	0.0626529977
51	52	eh	11.1385918
51	52	ey	16.5552254
51	52	f	8.57937241
51	52	ih	13.9691763
51	52	iy	13.3246489
51	52	k	16.15341
51	52	n	8.09724808
51	52	ow	6.4880681
51	52	r	7.05557394
51	52	s	11.8664818
51	52	SIL	8.17188168
51	52	t	15.2583389
51	52	th	16.0412407
51	52	uw	9.52433586
51	52	v	8.37283039
51	52	w	5.07485723
51	52	z	21.3328857
52	53	ah	2.45255303
52	53	ao	6.56247997
52	53	ax	10.5767269
52	53	ay	0.112226002
52	53	eh	11.5724869
52	53	ey	16.3729858
52	53	f	8.74962425
52	53	ih	13.6408195
52	53	iy	13.1056652
52	53	k	15.5701752
52	53	n	7.59026384
52	53	ow	6.73555994
52	53	r	7.24690104
52	53	s	12.0546694
52	53	SIL	7.6011672
52	53	t	14.9247561
52	53	th	15.7916365
52	53	uw	9.49195671
52	53	v	8.46189022
52	53	w	4.18147612
52	53	z	20.2458286
53	54	ah	3.30859399
53	54	ao	6.47788286
53	54	ax	10.3618536
53	54	ay	0.0543279983
53	54	eh	11.7784328
53	54	ey	17.248888
53	54	f	8.9215889
53	54	ih	12.6270599
53	54	iy	13.8013
53	54	k	14.2744808
53	54	n	7.6297431
53	54	ow	6.73437405
53	54	r	6.9937048
53	54	s	12.2398863
53	54	SIL	7.07061577
53	54	t	15.0361376
53	54	th	15.9428377
53	54	uw	9.5986414
53	54	v	7.7164278
53	54	w	4.54359484
53	54	z	19.679121
54	55	ah	3.16753888
54	55	ao	5.78652906
54	55	ax	9.43310261
54	55	ay	0.0902040005
54	55	eh	12.4537935
54	55	ey	17.2601147
54	55	f	9.00167942
54	55	ih	12.241291
54	55	iy	13.5926886
54	55	k	12.2436094
54	55	n	6.70682192
54	55	ow	6.18185282
54	55	r	5.30329895
54	55	s	13.1726179
54	55	SIL	6.78282022
54	55	t	14.0810461
54	55	th	15.3771324
54	55	uw	8.82281399
54	55	v	6.85422516
54	55	w	3.49794412
54	55	z	19.6674614
55	56	ah	3.57099509
55	56	ao	6.18175697
55	56	ax	9.11150837
55	56	ay	0.0493840016
55	56	eh	13.6494427
55	56	ey	15.295372
55	56	f	10.257493
55	56	ih	10.9301586
55	56	iy	14.9220419
55	56	k	10.8678646
55	56	n	7.72557402
55	56	ow	6.80532694
55	56	r	6.01793289
55	56	s	13.8776598
55	56	SIL	7.11955309
55	56	t	12.6142073
55	56	th	15.2679453
55	56	uw	10.5081072
55	56	v	5.88853884
55	56	w	4.58438587
55	56	z	20.7963905
56	57	ah	4.08472109
56	57	ao	6.3846612
56	57	ax	10.1539583
56	57	ay	0.0302200001
56	57	eh	15.2819328
56	57	ey	13.2335243
56	57	f	11.3563328
56	57	ih	12.0358391
56	57	iy	16.2308941
56	57	k	10.6329956
56	57	n	9.51607323
56	57	ow	7.25433588
56	57	r	5.71535206
56	57	s	14.6069469
56	57	SIL	7.8670249
56	57	t	12.8398647
56	57	th	15.8870068
56	57	uw	11.6815796
56	57	v	5.98084021
56	57	w	5.47907877
56	57	z	21.6252022
57	58	ah	4.46574116
57	58	ao	6.85817623
57	58	ax	11.1062717
57	58	ay	0.0186669994
57	58	eh	14.7903833
57	58	ey	13.6834278
57	58	f	10.1304216
57	58	ih	13.0321608
57	58	iy	15.9903631
57	58	k	12.7941437
57	58	n	10.4229603
57	58	ow	7.66862297
57	58	r	6.82884979
57	58	s	14.17696
57	58	SIL	9.2892561
57	58	t	12.1551504
57	58	th	15.4863873
57	58	uw	12.2612648
57	58	v	5.84079599
57	58	w	6.64827919
57	58	z	21.0962925
58	59	ah	6.12682581
58	59	ao	7.34649706
58	59	ax	11.3705702
58	59	ay	0.00834299996
58	59	eh	14.904233
58	59	ey	13.814723
58	59	f	8.73569584
58	59	ih	12.9837685
58	59	iy	15.7271175
58	59	k	14.5709515
58	59	n	10.7744083
58	59	ow	7.08736992
58	59	r	6.72416115
58	59	s	14.000742
58	59	SIL	9.52361584
58	59	t	12.0378103
58	59	th	15.4192305
58	59	uw	13.2029638
58	59	v	5.76803923
58	59	w	10.1791601
58	59	z	20.9471169
59	60	ah	7.3115921
59	60	ao	8.86616039
59	60	ax	10.9544754
59	60	ay	0.00451100012
59	60	eh	14.0396366
59	60	ey	13.3522663
59	60	f	8.64778233
59	60	ih	12.4613895
59	60	iy	16.3802071
59	60	k	16.5449486
59	60	n	10.888113
59	60	ow	7.07982779
59	60	r	7.6551919
59	60	s	14.0718145
59	60	SIL	10.514575
59	60	t	12.4881353
59	60	th	15.2025003
59	60	uw	14.4077778
59	60	v	6.15447807
59	60	w	13.1751089
59	60	z	20.8350315
60	61	ah	6.48223686
60	61	ao	10.7500353
60	61	ax	10.84023
60	61	ay	0.00342900003
60	61	eh	13.2744484
60	61	ey	13.1730633
60	61	f	9.01910877
60	61	ih	11.9098606
60	61	iy	15.9931364
60	61	k	16.8669853
60	61	n	9.82998466
60	61	ow	8.08194637
60	61	r	8.38152981
60	61	s	13.5104361
60	61	SIL	11.0197401
60	61	t	13.4993401
60	61	th	13.7006397
60	61	uw	15.646348
60	61	v	6.80607414
60	61	w	13.4532347
60	61	z	20.2484798
61	62	ah	5.85093117
61	62	ao	9.49224186
61	62	ax	8.54779339
61	62	ay	0.00754699996
61	62	eh	11.8569841
61	62	ey	12.5771046
61	62	f	8.86133003
61	62	ih	9.86161137
61	62	iy	14.2699051
61	62	k	14.9898739
61	62	n	8.01213932
61	62	ow	7.62049389
61	62	r	7.1803031
61	62	s	12.395752
61	62	SIL	11.1917591
61	62	t	12.5795069
61	62	th	12.1712952
61	62	uw	14.5978622
61	62	v	5.96989584
61	62	w	13.414052
61	62	z	19.3961277
62	63	ah	4.67984819
62	63	ao	7.3903079
62	63	ax	6.13065004
62	63	ay	0.0513539985
62	63	eh	8.98482227
62	63	ey	11.2702732
62	63	f	7.86873102
62	63	ih	6.54081678
62	63	iy	9.35980415
62	63	k	12.9932308
62	63	n	5.59349012
62	63	ow	5.04088497
62	63	r	4.58717012
62	63	s	10.4130964
62	63	SIL	8.65268803
62	63	t	11.0609655
62	63	th	11.5362453
62	63	uw	12.3103876
62	63	v	4.17825699
62	63	w	13.4885321
62	63	z	18.1398754
63	64	ah	5.16097689
63	64	ao	7.93966389
63	64	ax	5.33262587
63	64	ay	0.216400996
63	64	eh	7.92442989
63	64	ey	10.763936
63	64	f	8.61451244
63	64	ih	6.1539278
63	64	iy	8.23631763
63	64	k	12.7876902
63	64	n	4.36708117
63	64	ow	3.18872905
63	64	r	3.65149093
63	64	s	10.6336823
63	64	SIL	6.91853094
63	64	t	10.7668524
63	64	th	12.0124302
63	64	uw	11.3299809
63	64	v	2.3047061
63	64	w	13.6653786
63	64	z	17.3706627
64	65	ah	5.68579817
64	65	ao	10.0602083
64	65	ax	5.85144091
64	65	ay	0.812812984
64	65	eh	8.59872627
64	65	ey	11.1039257
64	65	f	9.08516884
64	65	ih	9.02516842
64	65	iy	7.92315483
64	65	k	13.6320782
64	65	n	3.72245002
64	65	ow	1.891366
64	65	r	2.64719605
64	65	s	11.1476183
64	65	SIL	5.89334106
64	65	t	10.7817364
64	65	th	12.034234
64	65	uw	10.7701883
64	65	v	1.20206702
64	65	w	14.6238537
64	65	z	17.2345753
65	66	ah	9.58542728
65	66	ao	14.3112717
65	66	ax	7.04929399
65	66	ay	4.15418291
65	66	eh	10.1251631
65	66	ey	14.3079758
65	66	f	8.9031601
65	66	ih	11.5784941
65	66	iy	11.8530664
65	66	k	12.7386131
65	66	n	6.09883118
65	66	ow	3.04872203
65	66	r	3.73398805
65	66	s	11.6762915
65	66	SIL	6.86093903
65	66	t	11.4798956
65	66	th	11.3344259
65	66	uw	11.5692177
65	66	v	0.0959409997
65	66	w	17.7032585
65	66	z	18.3115215
66	67	ah	13.6798897
66	67	ao	16.7898254
66	67	ax	9.47174358
66	67	ay	6.04688692
66	67	eh	12.0503159
66	67	ey	16.027441
66	67	f	8.76615047
66	67	ih	11.9776545
66	67	iy	14.2462378
66	67	k	10.6349163
66	67	n	7.35421085
66	67	ow	3.97266293
66	67	r	4.3681159
66	67	s	10.1561117
66	67	SIL	4.71752214
66	67	t	12.4293623
66	67	th	11.3843632
66	67	uw	13.8762083
66	67	v	0.0447539985
66	67	w	19.8525467
66	67	z	16.1926327
67	68	ah	13.860425
67	68	ao	17.4560947
67	68	ax	10.032424
67	68	ay	5.87251616
67	68	eh	13.0915623
67	68	ey	14.8761063
67	68	f	8.1602211
67	68	ih	10.0501337
67	68	iy	13.9633341
67	68	k	8.63142395
67	68	n	5.10112476
67	68	ow	3.39086199
67	68	r	4.84158087
67	68	s	7.59905481
67	68	SIL	2.00416994
67	68	t	9.91160202
67	68	th	8.61927509
67	68	uw	13.913662
67	68	v	0.206459999
67	68	w	16.8786087
67	68	z	13.3471079
68	69	ah	16.2106915
68	69	ao	18.2492695
68	69	ax	11.3708363
68	69	ay	4.94824219
68	69	eh	16.9908676
68	69	ey	15.6555614
68	69	f	9.34830475
68	69	ih	11.6747313
68	69	iy	14.7384529
68	69	k	9.84057903
68	69	n	5.24273777
68	69	ow	7.258708
68	69	r	7.95652294
68	69	s	9.61031246
68	69	SIL	2.94401193
68	69	t	8.93352127
68	69	th	8.56761646
68	69	uw	11.7247639
68	69	v	0.0689729974
68	69	w	17.1864128
68	69	z	15.9982872
69	70	ah	14.5893259
69	70	ao	17.5933208
69	70	ax	11.1278086
69	70	ay	6.88772821
69	70	eh	18.4590492
69	70	ey	16.6047878
69	70	f	8.39272499
69	70	ih	15.1315136
69	70	iy	10.7836943
69	70	k	11.5628042
69	70	n	4.72840691
69	70	ow	8.5819788
69	70	r	9.35438633
69	70	s	11.6606398
69	70	SIL	1.46823597
69	70	t	8.42709446
69	70	th	8.9344759
69	70	uw	8.60812283
69	70	v	0.276124001
69	70	w	14.3134632
69	70	z	16.529501
70	71	ah	12.2605724
70	71	ao	15.599226
70	71	ax	10.3408079
70	71	ay	6.87318993
70	71	eh	15.8431177
70	71	ey	14.2872534
70	71	f	6.39169312
70	71	ih	14.6574821
70	71	iy	8.77963066
70	71	k	11.8285494
70	71	n	3.47167397
70	71	ow	8.37223721
70	71	r	11.5198202
70	71	s	10.9040852
70	71	SIL	0.162339002
70	71	t	8.11542225
70	71	th	9.70579147
70	71	uw	6.64945412
70	71	v	2.17193103
70	71	w	15.3457317
70	71	z	15.2428303
71	72	ah	10.334527
71	72	ao	15.4335442
71	72	ax	7.3228898
71	72	ay	8.97235394
71	72	eh	14.3040142
71	72	ey	14.3692398
71	72	f	8.75599098
71	72	ih	13.0194607
71	72	iy	9.39562988
71	72	k	11.550065
71	72	n	2.91802311
71	72	ow	11.1091356
71	72	r	13.7046909
71	72	s	10.0428038
71	72	SIL	0.120364003
71	72	t	8.06808281
71	72	th	12.1268806
71	72	uw	7.69937515
71	72	v	2.85673499
71	72	w	15.7784281
71	72	z	14.6518507
72	73	ah	10.2561064
72	73	ao	14.7628269
72	73	ax	8.47753906
72	73	ay	8.50620747
72	73	eh	14.3260307
72	73	ey	15.9100771
72	73	f	9.75651741
72	73	ih	12.9009037
72	73	iy	10.1603622
72	73	k	13.0325661
72	73	n	5.15511417
72	73	ow	11.5998688
72	73	r	12.7765388
72	73	s	10.6409063
72	73	SIL	0.0382210016
72	73	t	8.89371109
72	73	th	12.44454
72	73	uw	9.4664526
72	73	v	3.47610903
72	73	w	17.1149445
72	73	z	15.390974
73	74	ah	10.8970861
73	74	ao	12.8373842
73	74	ax	9.43235779
73	74	ay	7.4568882
73	74	eh	14.1264439
73	74	ey	15.5859556
73	74	f	8.59430981
73	74	ih	12.1102581
73	74	iy	9.9461441
73	74	k	12.5967398
73	74	n	5.61323023
73	74	ow	9.91114616
73	74	r	10.8392124
73	74	s	10.8542776
73	74	SIL	0.0540420003
73	74	t	8.96022034
73	74	th	11.3348846
73	74	uw	10.1296463
73	74	v	3.04140997
73	74	w	18.0792313
73	74	z	15.3898706
74	75	ah	11.9988394
74	75	ao	12.7105789
74	75	ax	9.89058304
74	75	ay	8.62953091
74	75	eh	15.5578117
74	75	ey	16.4726162
74	75	f	8.08448315
74	75	ih	13.073247
74	75	iy	11.4692574
74	75	k	11.7491808
74	75	n	5.68759918
74	75	ow	9.49879646
74	75	r	10.3208179
74	75	s	12.2760925
74	75	SIL	0.0294599999
74	75	t	8.5107336
74	75	th	9.95960426
74	75	uw	8.96347904
74	75	v	3.70556402
74	75	w	18.1850891
74	75	z	16.0311241
75	76	ah	12.4423981
75	76	ao	12.8110752
75	76	ax	9.73464394
75	76	ay	8.35548687
75	76	eh	16.5763416
75	76	ey	16.8551712
75	76	f	7.71881914
75	76	ih	13.5439405
75	76	iy	11.5927229
75	76	k	10.6323576
75	76	n	5.15243483
75	76	ow	7.76024389
75	76	r	8.96413422
75	76	s	12.0453806
75	76	SIL	0.0380759984
75	76	t	7.65917587
75	76	th	8.45634174
75	76	uw	7.35856581
75	76	v	3.54344797
75	76	w	18.3635616
75	76	z	15.8894882
76	77	ah	13.6366243
76	77	ao	13.8008184
76	77	ax	9.92627621
76	77	ay	7.7625351
76	77	eh	16.4888153
76	77	ey	17.8992386
76	77	f	7.46384382
76	77	ih	13.5047665
76	77	iy	11.8735628
76	77	k	9.41549587
76	77	n	4.97000217
76	77	ow	6.26748705
76	77	r	8.53151321
76	77	s	10.8652706
76	77	SIL	0.0534380004
76	77	t	7.56621313
76	77	th	6.71967793
76	77	uw	8.06931496
76	77	v	3.22386408
76	77	w	19.3231316
76	77	z	15.9526253
77	78	ah	14.576396
77	78	ao	13.8582058
77	78	ax	11.2981672
77	78	ay	8.06304073
77	78	eh	16.9633732
77	78	ey	18.868784
77	78	f	7.60489798
77	78	ih	14.1230021
77	78	iy	13.9690228
77	78	k	9.49533558
77	78	n	6.29176092
77	78	ow	6.27432489
77	78	r	8.90275383
77	78	s	10.2986221
77	78	SIL	0.026517
77	78	t	7.85086393
77	78	th	6.81529999
77	78	uw	10.5415792
77	78	v	3.91970491
77	78	w	19.9295998
77	78	z	16.7135696
78	79	ah	16.1849594
78	79	ao	14.7035789
78	79	ax	13.7888336
78	79	ay	8.31754494
78	79	eh	17.7230244
78	79	ey	18.8861485
78	79	f	8.1454792
78	79	ih	14.7191715
78	79	iy	13.7733955
78	79	k	9.7238493
78	79	n	7.25821209
78	79	ow	8.00414467
78	79	r	9.7920351
78	79	s	10.2817001
78	79	SIL	0.00882900041
78	79	t	7.90074587
78	79	th	7.85855818
78	79	uw	12.2097101
78	79	v	5.06673098
78	79	w	21.1092186
78	79	z	17.0043564
79	80	ah	16.4830379
79	80	ao	15.0372133
79	80	ax	14.0033264
79	80	ay	9.5054493
79	80	eh	18.6310215
79	80	ey	17.963232
79	80	f	8.98044205
79	80	ih	14.7634039
79	80	iy	13.666853
79	80	k	10.0278921
79	80	n	8.04180527
79	80	ow	9.39717865
79	80	r	9.71457767
79	80	s	10.434309
79	80	SIL	0.0056739999
79	80	t	7.74060392
79	80	th	8.33048725
79	80	uw	12.33393
79	80	v	5.46423101
79	80	w	21.4770451
79	80	z	17.172905
80	81	ah	17.4712143
80	81	ao	16.2481289
80	81	ax	14.6718826
80	81	ay	11.3264074
80	81	eh	20.7736073
80	81	ey	16.9583588
80	81	f	9.66027069
80	81	ih	15.113101
80	81	iy	13.1897612
80	81	k	10.7962418
80	81	n	8.1526289
80	81	ow	11.1393642
80	81	r	10.7152357
80	81	s	10.6584406
80	81	SIL	0.00228199991
80	81	t	7.36293602
80	81	th	8.87634754
80	81	uw	11.7895784
80	81	v	6.85824203
80	81	w	22.6162643
80	81	z	17.2621651
81	82	ah	18.6838627
81	82	ao	17.6284733
81	82	ax	16.2039318
81	82	ay	11.5985279
81	82	eh	20.970686
81	82	ey	17.3729362
81	82	f	9.47986603
81	82	ih	15.0759993
81	82	iy	13.3209076
81	82	k	10.490962
81	82	n	8.58955956
81	82	ow	12.5023651
81	82	r	12.3415146
81	82	s	10.3673544
81	82	SIL	0.00142600003
81	82	t	7.62668896
81	82	th	9.27346706
81	82	uw	13.1376448
81	82	v	7.59977818
81	82	w	23.4871731
81	82	z	17.3521156
82	83	ah	18.6188889
82	83	ao	17.4758339
82	83	ax	17.1640053
82	83	ay	11.9155769
82	83	eh	21.1916161
82	83	ey	17.2329693
82	83	f	9.49550915
82	83	ih	14.7194614
82	83	iy	12.8105469
82	83	k	9.61846256
82	83	n	8.74192905
82	83	ow	12.7765179
82	83	r	12.2599592
82	83	s	10.198596
82	83	SIL	0.00128299999
82	83	t	7.39846992
82	83	th	9.1642313
82	83	uw	14.0772715
82	83	v	8.4740324
82	83	w	23.2106342
82	83	z	17.3494873
83	84	ah	19.1787167
83	84	ao	16.9204388
83	84	ax	16.8638496
83	84	ay	11.7608747
83	84	eh	21.3556995
83	84	ey	16.309021
83	84	f	8.52968311
83	84	ih	14.4154806
83	84	iy	12.6063213
83	84	k	9.99175167
83	84	n	8.18141937
83	84	ow	12.9031363
83	84	r	12.7933826
83	84	s	9.98219109
83	84	SIL	0.00212999992
83	84	t	6.74385023
83	84	th	9.42406464
83	84	uw	13.6422396
83	84	v	8.17820072
83	84	w	24.2823296
83	84	z	17.0151501
84	85	ah	18.8156242
84	85	ao	16.2362919
84	85	ax	16.3947544
84	85	ay	11.2767448
84	85	eh	21.094595
84	85	ey	15.6919689
84	85	f	7.89997482
84	85	ih	14.0947447
84	85	iy	12.8674097
84	85	k	10.025733
84	85	n	7.94826984
84	85	ow	12.7150898
84	85	r	12.7611971
84	85	s	9.57975769
84	85	SIL	0.00282700011
84	85	t	6.59833193
84	85	th	9.19996452
84	85	uw	13.0369654
84	85	v	7.60580015
84	85	w	23.669363
84	85	z	16.7310429
85	86	ah	18.5174751
85	86	ao	15.9112997
85	86	ax	16.3602753
85	86	ay	11.1371145
85	86	eh	21.0864639
85	86	ey	15.7059679
85	86	f	7.38799191
85	86	ih	13.9344902
85	86	iy	13.4062977
85	86	k	9.87746811
85	86	n	7.91826105
85	86	ow	13.1999607
85	86	r	12.9460421
85	86	s	9.21389008
85	86	SIL	0.00338299992
85	86	t	6.5240221
85	86	th	8.83660793
85	86	uw	12.9326057
85	86	v	7.40775585
85	86	w	23.2799206
85	86	z	16.330143
86	87	ah	18.7386227
86	87	ao	15.899477
86	87	ax	16.6859951
86	87	ay	10.9659595
86	87	eh	21.1152515
86	87	ey	16.3580532
86	87	f	8.05090523
86	87	ih	14.1341743
86	87	iy	13.4342613
86	87	k	10.0107985
86	87	n	8.09152412
86	87	ow	13.5539284
86	87	r	13.4079304
86	87	s	9.46218491
86	87	SIL	0.00248800009
86	87	t	6.70097399
86	87	th	9.16857719
86	87	uw	13.4333096
86	87	v	7.87822819
86	87	w	23.0300274
86	87	z	16.2280483
87	
